1 0.43125 0.685393 0.1325 0.202247
1 0.53625 0.792135 0.0725 0.161049
1 0.6675 0.818352 0.125 0.205993
1 0.81625 0.756554 0.0925 0.157303
1 0.65375 0.460674 0.0675 0.11985
1 0.72 0.421348 0.07 0.108614
1 0.50875 0.376404 0.0475 0.086142
1 0.56125 0.32397 0.0575 0.086142
1 0.59625 0.215356 0.0375 0.06367
1 0.68125 0.194757 0.0375 0.059925
1 0.53375 0.202247 0.0375 0.059925
1 0.58 0.153558 0.03 0.044944
1 0.6475 0.142322 0.035 0.044944
1 0.74 0.131086 0.035 0.037453
1 0.915 0.131086 0.025 0.029963
