1 0.18625 0.293796 0.0525 0.076642
1 0.40125 0.266423 0.0675 0.10219
1 0.57125 0.262774 0.0575 0.087591
0 0.75 0.262774 0.055 0.072993
0 0.94875 0.286496 0.0525 0.069343
0 0.96375 0.083942 0.0325 0.043796
0 0.63375 0.038321 0.0175 0.040146
0 0.57125 0.051095 0.0125 0.029197
0 0.81625 0.122263 0.0125 0.025547
0 0.7425 0.120438 0.015 0.021898
0 0.705 0.113139 0.015 0.021898
1 0.43625 0.09854 0.0175 0.029197
0 0.3675 0.116788 0.015 0.021898
0 0.2125 0.096715 0.015 0.025547
0 0.15125 0.100365 0.0175 0.032847
0 0.0675 0.093066 0.015 0.032847
0 0.0125 0.089416 0.02 0.025547
