1 0.08125 0.219027 0.0525 0.09292
1 0.16625 0.276549 0.0425 0.084071
1 0.2975 0.181416 0.03 0.061947
1 0.35 0.256637 0.055 0.106195
1 0.365 0.181416 0.035 0.061947
1 0.405 0.232301 0.04 0.084071
1 0.4475 0.466814 0.055 0.09292
1 0.475 0.225664 0.03 0.061947
1 0.5275 0.219027 0.03 0.075221
1 0.56125 0.230088 0.0425 0.088496
1 0.61125 0.261062 0.0375 0.070796
1 0.65125 0.300885 0.0475 0.088496
1 0.71 0.318584 0.055 0.097345
1 0.7625 0.207965 0.04 0.079646
0 0.80625 0.210177 0.0375 0.057522
1 0.88125 0.185841 0.0425 0.088496
1 0.93875 0.210177 0.0425 0.09292
1 0.83875 0.207965 0.0225 0.053097
