0 0.04625 0.036667 0.0575 0.073333
1 0.0475 0.346667 0.055 0.093333
1 0.2425 0.263333 0.06 0.08
1 0.28125 0.065 0.0625 0.09
0 0.06 0.47 0.05 0.086667
1 0.02125 0.878333 0.0425 0.13
1 0.095 0.781667 0.07 0.116667
1 0.2475 0.486667 0.055 0.093333
1 0.49125 0.135 0.0625 0.076667
1 0.48375 0.266667 0.0675 0.093333
1 0.50125 0.42 0.0625 0.093333
1 0.365 0.921667 0.07 0.11
1 0.52125 0.746667 0.0725 0.093333
1 0.575 0.821667 0.075 0.11
1 0.66 0.483333 0.055 0.086667
1 0.68125 0.261667 0.0625 0.09
1 0.775 0.256667 0.06 0.1
1 0.855 0.08 0.045 0.073333
1 0.93625 0.338333 0.0675 0.083333
1 0.96625 0.636667 0.0625 0.086667
