1 0.04125 0.946903 0.0725 0.088496
1 0.12 0.849558 0.07 0.132743
0 0.0925 0.475664 0.05 0.09292
1 0.2625 0.497788 0.05 0.110619
1 0.25875 0.219027 0.0575 0.09292
1 0.0825 0.323009 0.045 0.106195
1 0.02125 0.278761 0.0325 0.088496
1 0.56125 0.900442 0.0725 0.128319
1 0.5175 0.80531 0.065 0.097345
1 0.4975 0.411504 0.06 0.106195
1 0.48125 0.219027 0.0625 0.09292
1 0.48625 0.064159 0.0575 0.075221
1 0.66 0.219027 0.055 0.110619
1 0.64 0.484513 0.055 0.10177
1 0.7475 0.216814 0.06 0.115044
1 0.82125 0.137168 0.0575 0.088496
1 0.89375 0.316372 0.0675 0.10177
1 0.9325 0.679204 0.065 0.10177
