1 0.0725 0.067416 0.025 0.044944
1 0.1475 0.052434 0.025 0.037453
1 0.31 0.08427 0.025 0.05618
1 0.42875 0.029963 0.0275 0.044944
1 0.06625 0.202247 0.0325 0.052434
1 0.14625 0.168539 0.0325 0.044944
1 0.28 0.161049 0.03 0.052434
1 0.3025 0.228464 0.03 0.044944
1 0.24125 0.307116 0.0325 0.044944
1 0.07875 0.292135 0.0375 0.052434
1 0.035 0.361423 0.035 0.05618
1 0.105 0.411985 0.035 0.044944
1 0.1025 0.483146 0.03 0.059925
1 0.16375 0.514981 0.0325 0.05618
1 0.1725 0.597378 0.045 0.06367
1 0.125 0.797753 0.045 0.059925
1 0.15 0.923221 0.045 0.071161
1 0.2525 0.870787 0.045 0.05618
1 0.3275 0.501873 0.04 0.052434
1 0.3475 0.357678 0.03 0.048689
1 0.3775 0.818352 0.045 0.071161
1 0.44125 0.561798 0.0375 0.067416
1 0.50125 0.099251 0.0275 0.033708
1 0.525 0.157303 0.03 0.044944
1 0.58875 0.11236 0.0275 0.044944
1 0.5625 0.202247 0.03 0.044944
1 0.65875 0.191011 0.0325 0.044944
1 0.6325 0.250936 0.035 0.059925
1 0.5975 0.402622 0.035 0.05618
1 0.55 0.492509 0.035 0.06367
1 0.71625 0.792135 0.0425 0.071161
1 0.77 0.376404 0.035 0.06367
1 0.79875 0.546816 0.0375 0.059925
1 0.7875 0.044944 0.03 0.037453
1 0.81375 0.026217 0.0225 0.044944
0 0.925 0.061798 0.025 0.048689
1 0.83875 0.116105 0.0325 0.037453
1 0.95625 0.350187 0.0375 0.041199
1 0.8975 0.492509 0.035 0.05618
1 0.92125 0.685393 0.0325 0.059925
1 0.9525 0.737828 0.05 0.052434
