1 0.79 0.724719 0.1 0.153558
0 0.83375 0.522472 0.0775 0.116105
0 0.44625 0.55618 0.0775 0.116105
1 0.52125 0.694757 0.1025 0.146067
1 0.9575 0.544944 0.06 0.086142
1 0.18625 0.627341 0.0825 0.153558
1 0.075 0.505618 0.055 0.089888
1 0.265 0.582397 0.045 0.101124
1 0.35125 0.529963 0.0525 0.078652
1 0.39125 0.488764 0.0575 0.108614
1 0.5175 0.485019 0.06 0.093633
1 0.5675 0.485019 0.04 0.071161
1 0.6125 0.391386 0.03 0.05618
1 0.72625 0.355805 0.0425 0.052434
0 0.2975 0.490637 0.04 0.074906
1 0.12 0.410112 0.035 0.05618
1 0.3725 0.385768 0.045 0.067416
0 0.47125 0.337079 0.0325 0.052434
1 0.515 0.314607 0.015 0.037453
1 0.64125 0.308989 0.0175 0.033708
1 0.42375 0.333333 0.0225 0.037453
1 0.2525 0.29588 0.02 0.029963
1 0.685 0.368914 0.035 0.048689
1 0.5775 0.425094 0.03 0.05618
1 0.91375 0.312734 0.0225 0.041199
1 0.95875 0.303371 0.0225 0.044944
1 0.78125 0.346442 0.0175 0.033708
1 0.9375 0.299625 0.02 0.037453
