1 0.02125 0.488764 0.0425 0.078652
1 0.0875 0.451311 0.045 0.071161
1 0.19125 0.451311 0.0475 0.071161
1 0.28625 0.425094 0.0425 0.06367
1 0.3475 0.445693 0.045 0.082397
1 0.4825 0.464419 0.045 0.074906
1 0.50375 0.425094 0.0275 0.086142
1 0.6125 0.43633 0.025 0.048689
1 0.69125 0.327715 0.0525 0.093633
1 0.87 0.35206 0.06 0.089888
1 0.99125 0.376404 0.0175 0.071161
1 0.92625 0.372659 0.0475 0.078652
0 0.6375 0.44382 0.035 0.071161
0 0.40375 0.490637 0.0425 0.074906
0 0.25875 0.468165 0.0475 0.082397
