0 0.135 0.438053 0.065 0.106195
0 0.14125 0.298673 0.0575 0.084071
1 0.215 0.278761 0.05 0.070796
0 0.27375 0.340708 0.0475 0.079646
1 0.305 0.263274 0.045 0.084071
0 0.23375 0.19469 0.0525 0.097345
1 0.1275 0.621681 0.05 0.146018
0 0.1925 0.679204 0.075 0.146018
0 0.2625 0.789823 0.075 0.154867
1 0.36875 0.867257 0.0975 0.185841
1 0.37 0.511062 0.065 0.128319
1 0.36875 0.345133 0.0625 0.088496
0 0.36625 0.174779 0.0375 0.066372
1 0.46125 0.185841 0.0425 0.097345
1 0.4425 0.24115 0.03 0.084071
1 0.50875 0.183628 0.0425 0.084071
0 0.57 0.132743 0.04 0.079646
0 0.61875 0.205752 0.0625 0.110619
1 0.4625 0.446903 0.055 0.106195
1 0.455 0.621681 0.065 0.10177
1 0.56125 0.506637 0.0625 0.128319
0 0.48125 0.79646 0.0425 0.106195
0 0.43125 0.834071 0.0425 0.154867
1 0.615 0.900442 0.09 0.163717
1 0.6425 0.557522 0.07 0.123894
1 0.70125 0.783186 0.0525 0.150442
1 0.6775 0.404867 0.05 0.09292
1 0.75625 0.524336 0.0575 0.110619
0 0.6775 0.119469 0.05 0.088496
0 0.675 0.238938 0.04 0.061947
0 0.725 0.14823 0.045 0.075221
1 0.8175 0.115044 0.035 0.079646
0 0.76 0.252212 0.045 0.079646
1 0.8375 0.504425 0.07 0.079646
0 0.89 0.738938 0.08 0.123894
