1 0.04375 0.59 0.0725 0.106667
1 0.0825 0.428333 0.035 0.056667
1 0.11625 0.393333 0.0225 0.04
1 0.195 0.428333 0.035 0.043333
1 0.2325 0.361667 0.025 0.043333
1 0.17 0.348333 0.02 0.03
1 0.285 0.53 0.105 0.166667
1 0.40125 0.388333 0.0225 0.03
1 0.2875 0.353333 0.02 0.026667
1 0.44125 0.453333 0.0375 0.053333
1 0.54125 0.443333 0.0575 0.086667
1 0.49 0.391667 0.015 0.03
1 0.44625 0.383333 0.0175 0.02
1 0.5825 0.353333 0.025 0.033333
1 0.7 0.393333 0.025 0.026667
1 0.74625 0.443333 0.0225 0.033333
1 0.82375 0.446667 0.0475 0.066667
1 0.89 0.4 0.02 0.033333
1 0.9875 0.465 0.02 0.063333
1 0.66 0.368333 0.01 0.016667
1 0.7 0.343333 0.015 0.02
1 0.72875 0.361667 0.0125 0.016667
1 0.775 0.4 0.02 0.033333
1 0.96 0.39 0.02 0.033333
1 0.9825 0.37 0.01 0.02
