1 0.06875 0.916016 0.1075 0.160156
1 0.1925 0.794922 0.07 0.113281
1 0.3025 0.740234 0.13 0.230469
1 0.49375 0.613281 0.0775 0.164062
1 0.32 0.240234 0.045 0.074219
1 0.39875 0.111328 0.0375 0.058594
1 0.4225 0.246094 0.035 0.070312
1 0.4975 0.138672 0.03 0.042969
1 0.59125 0.152344 0.0375 0.0625
1 0.56375 0.373047 0.0375 0.066406
1 0.69125 0.560547 0.1025 0.160156
1 0.755 0.191406 0.035 0.054688
0 0.84625 0.341797 0.0375 0.058594
0 0.66375 0.199219 0.0375 0.0625
0 0.44625 0.455078 0.0475 0.074219
