0 0.013671875 0.6476013125000001 0.027777999999999997 0.05718999999999996
0 0.0702044375 0.5142909375 0.029411000000000007 0.04575199999999996
0 0.2009234375 0.5048252499999999 0.03104499999999999 0.039216000000000084
0 0.328392625 0.5228184375 0.02124200000000004 0.029411999999999994
0 0.34927712499999997 0.7302385 0.035948000000000035 0.07843199999999995
0 0.44763625 0.5669748125 0.039214999999999944 0.01143699999999992
0 0.45090424999999995 0.5042061875 0.04084900000000008 0.022875999999999896
0 0.4692155625 0.41627112499999996 0.034313999999999956 0.035948000000000035
0 0.56073875 0.45648187500000004 0.024509000000000003 0.02777799999999997
0 0.5960283125 0.41822424999999996 0.026144000000000056 0.03921600000000003
0 0.76008475 0.4646326875 0.024510000000000032 0.03758200000000006
0 0.8348902500000001 0.4884660625 0.04084999999999994 0.05065399999999998
0 0.8702191875 0.44241512499999996 0.022876000000000007 0.03594700000000006
0 0.8949715625000001 0.5217459375 0.06535999999999986 0.07679799999999998
0 0.953853125 0.4394470625 0.03594699999999995 0.050653000000000004
