0 0.015625 0.42432325 0.031875 0.07250000000000001
0 0.4990234375 0.47354199999999996 0.999375 0.34500000000000003
0 0.10953125 0.7016145833333334 0.07125000000000001 0.14333300000000002
0 0.1455078125 0.5631253333333334 0.04250000000000001 0.07416599999999995
0 0.22453125 0.50182325 0.04000000000000001 0.07083299999999992
0 0.2469921875 0.63078125 0.053125000000000006 0.1016670000000001
0 0.3024609375 0.8553649166666667 0.07749999999999996 0.12333299999999998
0 0.2886328125 0.6687499999999998 0.04249999999999998 0.06333300000000001
0 0.3016015625 0.4833850833333333 0.03375 0.06750000000000005
0 0.3653515625 0.5623955 0.03437499999999999 0.07916699999999999
0 0.3891796875 0.52765625 0.03750000000000003 0.07249999999999994
0 0.4146875 0.7482812500000001 0.048750000000000016 0.10166699999999995
0 0.419296875 0.5287499999999999 0.02812500000000001 0.06500000000000002
0 0.459140625 0.4927086666666667 0.02062499999999995 0.053333
0 0.5096875000000001 0.6420833333333333 0.04812500000000003 0.1041669999999999
0 0.5296484375 0.5080725833333334 0.030000000000000027 0.04999999999999997
0 0.5539453125 0.4776045 0.02562500000000001 0.04833299999999996
0 0.597421875 0.53875 0.028124999999999956 0.06416700000000002
0 0.6376953125 0.4865621666666667 0.02562500000000001 0.03749999999999994
0 0.6537109375 0.25515591666666665 0.014375000000000027 0.03083399999999999
0 0.6647265625 0.5634892499999999 0.03375000000000006 0.07083400000000006
0 0.6787890625 0.4757291666666667 0.01937499999999992 0.036667000000000005
0 0.8196875 0.29682291666666666 0.015625 0.030833
0 0.847421875 0.737708 0.028750000000000053 0.09583399999999997
0 0.8538671875 0.4570315833333334 0.02312499999999995 0.08250000000000002
0 0.9669140625 0.5222395833333333 0.018124999999999947 0.050000000000000044
