0 0.0916015625 0.44322883333333335 0.03359400000000001 0.059374999999999956
0 0.3294924375 0.5395833333333334 0.029686999999999963 0.041666999999999975
0 0.4298833125 0.5533850833333332 0.057811999999999975 0.09687500000000011
0 0.5388669375 0.41614616666666665 0.014062999999999937 0.03750000000000001
0 0.598046625 0.3984371666666666 0.019531999999999994 0.06770900000000009
0 0.6273435 0.46562466666666663 0.046875 0.08333399999999995
0 0.746875 0.59713575 0.0625 0.11770800000000008
0 0.7658208125 0.37812533333333337 0.042186999999999975 0.07500000000000002
0 0.8568359375 0.41484408333333334 0.01406200000000013 0.036458000000000025
0 0.8957028749999999 0.49531216666666666 0.06015600000000021 0.101042
