0 0.005859375 0.33707658910162 0.012 0.06485600000000005
0 0.0822265625 0.3245121458026509 0.066 0.10859800000000006
0 0.2043203125 0.452326440353461 0.05700000000000002 0.140272
0 0.3513203125 0.3144672592047128 0.056999999999999995 0.188537
0 0.349625 0.11984634315169368 0.032999999999999974 0.067873
0 0.4272734375 0.31438109720176727 0.062 0.07239800000000005
0 0.447765625 0.02668680265095729 0.020000000000000018 0.039216
0 0.5215546875 0.11973960530191458 0.039000000000000035 0.07843099999999999
0 0.574015625 0.44838604565537554 0.08299999999999996 0.21719399999999997
0 0.5916484375 0.28604331075110456 0.030000000000000027 0.046757000000000014
0 0.6515546875 0.10163960530191458 0.038000000000000034 0.076923
