0 0.107734375 0.5816145833333334 0.07500000000000001 0.14416700000000002
0 0.4008203125 0.4524996666666667 0.05812499999999998 0.08583400000000004
0 0.3953125 0.32234375 0.016874999999999973 0.05499999999999994
0 0.429765625 0.3321878333333334 0.020625000000000004 0.02749999999999993
0 0.589453125 0.8299996666666667 0.22375 0.33583400000000013
0 0.5046875 0.2932815833333333 0.01687500000000003 0.02083300000000003
0 0.5258203125 0.31401075 0.026874999999999982 0.05666600000000003
0 0.585234375 0.4428121666666667 0.04375000000000007 0.09999999999999994
0 0.5870703125 0.4385934166666667 0.02562500000000001 0.07749999999999997
0 0.775234375 0.6048434166666666 0.07562499999999994 0.13833400000000004
0 0.8157421875 0.3300003333333334 0.021874999999999978 0.04416599999999993
0 0.8187890625 0.37713541666666667 0.018124999999999947 0.046667000000000014
0 0.8574609375 0.47734408333333334 0.04500000000000004 0.098333
0 0.93625 0.6021354166666666 0.125625 0.17000000000000007
0 0.9369921875 0.3436982499999999 0.02312499999999995 0.04
