0 0.215 0.4129503499267935 0.033125000000000016 0.0768510000000001
0 0.26667968750000004 0.4407727364568082 0.037500000000000006 0.08622300000000001
0 0.3501171875 0.4929631229868228 0.05375000000000002 0.09559500000000007
0 0.4374609375 0.5200810248901904 0.04562500000000003 0.11527700000000002
0 0.49484375 0.5597937979502196 0.05625000000000002 0.132146
0 0.5380859375 0.35109828843338214 0.014375000000000027 0.030928000000000018
0 0.58296875 0.640623374816984 0.08624999999999994 0.19212699999999988
0 0.5692578125 0.35045490190336753 0.010624999999999996 0.020618999999999988
0 0.6651171875 0.3602939326500732 0.021874999999999978 0.04404899999999999
0 0.7580078125 0.371950803806735 0.010000000000000009 0.043110999999999976
