0 0.013671875 0.5976323806734992 0.028645999999999998 0.10058600000000002
0 0.085937375 0.8612797613469985 0.043620000000000006 0.20019500000000007
0 0.0963545 0.7275101537335286 0.04752600000000001 0.11816400000000006
0 0.15039025 0.5785825402635432 0.071615 0.12695299999999995
0 0.259115 0.8500521171303075 0.033202999999999955 0.18457099999999987
0 0.469400875 0.321259411420205 0.059896000000000005 0.124023
0 0.569010875 0.61814360761347 0.02929599999999999 0.08398499999999993
0 0.690755 0.6816121537335286 0.03320299999999998 0.11718700000000001
0 0.783203625 0.6240060922401172 0.02148400000000006 0.07226599999999994
0 0.879556875 0.685031767203514 0.02864599999999995 0.109375
0 0.9153646249999999 0.805630926793558 0.02148400000000006 0.13476599999999977
