0 0.3146481875 0.3770833333333334 0.05312499999999998 0.07291699999999997
0 0.3673830625 0.3080725833333333 0.04921900000000001 0.08124999999999998
0 0.4294919375 0.284375 0.04531299999999999 0.0625
0 0.49668018750000004 0.34843783333333334 0.053905999999999954 0.08958299999999997
0 0.5431638125 0.4640625 0.04140599999999994 0.07812500000000007
0 0.5455078125 0.3286461666666667 0.042186999999999975 0.06979099999999994
0 0.567187 0.7312503333333332 0.0625 0.10520800000000019
0 0.5884763125 0.491667 0.057813 0.09479100000000007
0 0.6164065 0.3359378333333334 0.046875 0.05937499999999999
0 0.9683588750000001 0.34557325 0.028907000000000016 0.04166599999999998
