0 0.0836306875 0.37187474310595064 0.03832200000000001 0.09247300000000004
0 0.24382275 0.3459083338171263 0.024584000000000023 0.0666669999999999
0 0.30000587500000003 0.37381319738751806 0.028200000000000003 0.05591400000000003
0 0.3305530625 0.3616619550072569 0.01807700000000001 0.06129000000000001
0 0.362771375 0.3410149854862119 0.04482999999999998 0.08602100000000001
0 0.45774693749999995 0.3932203338171263 0.04627600000000004 0.06666699999999999
0 0.5060421875000001 0.34493960667634255 0.023138000000000047 0.0838709999999999
0 0.545707375 0.5089153947750363 0.044829999999999925 0.11075299999999996
0 0.6059005625 0.34381147024673436 0.033984000000000014 0.07311799999999995
0 0.6878224374999999 0.33166022786647315 0.02964600000000006 0.07849500000000001
0 0.74924575 0.3546697431059506 0.02530699999999997 0.09032300000000006
0 0.7958506875 0.3420899854862119 0.03759900000000005 0.08602100000000006
0 0.8150906875 0.5564399404934688 0.06941399999999998 0.14516099999999996
0 0.8580713750000001 0.49999015239477507 0.04338399999999987 0.11612999999999986
0 0.8876053125000001 0.39349043976777937 0.026029999999999887 0.05161300000000006
