0 0.1045703125 0.6222668345534408 0.025624999999999995 0.06472800000000001
0 0.224375 0.47821370571010247 0.031875000000000014 0.06285199999999998
0 0.254453125 0.5684982210834554 0.03687499999999999 0.07504699999999996
0 0.305546875 0.3994147057101025 0.02812500000000001 0.06285199999999994
0 0.36125 0.5886100922401172 0.03312499999999996 0.07035599999999995
0 0.378125 0.4711215768667643 0.03187499999999999 0.06097499999999997
0 0.40640625 0.27540334992679355 0.04062499999999997 0.076923
0 0.4609765625 0.5568293499267936 0.03437499999999999 0.07879900000000004
0 0.4953515625 0.2765257057101025 0.03500000000000003 0.06285100000000005
0 0.504453125 0.21021931918008782 0.03562499999999996 0.055346999999999966
0 0.531875 0.4489051903367496 0.03187499999999999 0.05253300000000002
0 0.536875 0.5152115768667642 0.03187499999999999 0.05909900000000001
0 0.538125 0.3289444480234261 0.03312500000000007 0.058160999999999956
0 0.5773828125 0.15082170571010248 0.04249999999999998 0.06379000000000001
0 0.632734375 0.5630977364568083 0.04437500000000005 0.0863039999999999
0 0.673203125 0.21314757686676425 0.036250000000000004 0.060037000000000014
0 0.7298828125 0.20481883455344066 0.04125000000000001 0.06472800000000004
0 0.754296875 0.4279436383601757 0.05874999999999997 0.10600300000000004
