0 0.1094921875 0.680042102189781 0.02187499999999999 0.04014999999999999
0 0.2440625 0.5947189781021898 0.016250000000000014 0.022409000000000005
0 0.3484765625 0.5985363284671533 0.03500000000000003 0.09523800000000006
0 0.376640625 0.6820808321167884 0.020625000000000004 0.025209999999999896
0 0.5023828125 0.7119224744525547 0.04124999999999995 0.09150299999999999
0 0.5058984375 0.44330391240875916 0.030624999999999958 0.08216599999999998
0 0.524921875 0.8252419343065692 0.02749999999999997 0.06162400000000002
0 0.5283203125 0.7514122481751825 0.02562500000000001 0.036414000000000044
0 0.5319140625 0.6916542481751824 0.01937500000000003 0.03641500000000009
0 0.5657421875 0.7426011021897809 0.02312499999999995 0.040149000000000025
0 0.5920703125 0.7488476642335766 0.02562500000000001 0.048553000000000075
0 0.601796875 0.6718765182481753 0.02749999999999997 0.052286999999999924
0 0.636484375 0.6949821021897811 0.013125000000000053 0.038281999999999976
0 0.6394140625 0.7426011021897809 0.01937500000000003 0.03828200000000014
0 0.6614453125 0.7288845401459854 0.026874999999999982 0.03081199999999993
0 0.6664453125 0.7999132262773723 0.025624999999999898 0.056956
0 0.6944140625 0.7930211021897811 0.018124999999999947 0.038281999999999976
0 0.73484375 0.6922321240875913 0.024375000000000036 0.01960800000000003
0 0.7615625 0.7030966642335766 0.015625 0.047618999999999904
0 0.8114453125 0.7103959343065693 0.026875000000000093 0.06349200000000003
0 0.8540625 0.685645102189781 0.016250000000000098 0.040149000000000025
0 0.8618359375 0.8107100802919708 0.015000000000000013 0.05882300000000005
0 0.8636328125 0.683777102189781 0.010000000000000009 0.04014999999999991
