0 0.02015625 0.3585663529411765 0.039375 0.062145999999999986
0 0.0940234375 0.4128308235294117 0.030625 0.04613900000000003
0 0.1721484375 0.40141564705882354 0.029375000000000012 0.03860599999999997
0 0.177890625 0.35839688235294115 0.02124999999999999 0.03107400000000006
0 0.24109375 0.4010022352941176 0.02437499999999998 0.04237300000000003
0 0.2582421875 0.3732828235294117 0.021874999999999978 0.04425600000000003
0 0.2974609375 0.31737829411764706 0.014374999999999971 0.02730700000000004
0 0.314765625 0.40694847058823524 0.020625000000000004 0.03389800000000007
0 0.38046875 0.34662158823529415 0.02437499999999998 0.054613999999999996
0 0.3846875 0.4140690588235294 0.016249999999999987 0.03672299999999997
0 0.4558203125 0.3817578235294118 0.02562500000000001 0.04613900000000007
0 0.523515625 0.39199864705882353 0.020625000000000004 0.04048999999999999
0 0.590390625 0.41730647058823533 0.020625000000000004 0.03295699999999997
0 0.5903125 0.35410129411764707 0.015625 0.028249000000000028
0 0.6533203125 0.3967066470588235 0.02562500000000001 0.04049000000000003
0 0.668359375 0.3192612941176471 0.012500000000000067 0.029190999999999936
0 0.728671875 0.391702411764706 0.028125000000000067 0.049905999999999964
0 0.767421875 0.2876375294117647 0.059374999999999956 0.12052700000000004
0 0.9494140625 0.30654400000000004 0.01937499999999992 0.05178899999999996
