0 0.017578125 0.5228645833333333 0.036875 0.08249999999999995
0 0.12894531250000002 0.46630175 0.056874999999999995 0.08833399999999991
0 0.1895703125 0.39416633333333334 0.02562500000000001 0.04333400000000006
0 0.2080859375 0.3955208333333333 0.014374999999999999 0.027500000000000007
0 0.2388671875 0.7809892499999999 0.053125000000000006 0.19666700000000015
0 0.2790234375 0.4986979166666667 0.061874999999999986 0.12416700000000007
0 0.356015625 0.6376565833333334 0.08374999999999999 0.11249999999999982
0 0.3332421875 0.38119825 0.021874999999999978 0.03916599999999996
0 0.4415625 0.6911979166666667 0.04749999999999999 0.12416700000000007
0 0.438359375 0.3938538333333333 0.012500000000000011 0.027500000000000007
0 0.4747265625 0.45255208333333335 0.034999999999999976 0.06749999999999996
0 0.512265625 0.4885934166666666 0.05124999999999996 0.07749999999999997
0 0.570625 0.4441663333333334 0.03125 0.043333999999999984
0 0.61828125 0.5497399166666667 0.040000000000000036 0.09333299999999996
0 0.6247265625 0.4663024166666667 0.03374999999999995 0.04666599999999995
0 0.6862109375 0.4977604166666667 0.04500000000000004 0.0774999999999999
0 0.7894921875 0.5178121666666667 0.05437499999999995 0.09999999999999994
0 0.891953125 0.7092705 0.06687500000000002 0.17250000000000001
0 0.9064453125 0.5665100833333333 0.05812499999999998 0.09666699999999999
