0 0.01875 0.6764742759856631 0.033124999999999995 0.16513700000000003
0 0.13089843750000002 0.6555438172043011 0.029375 0.15596400000000002
0 0.2901953125 0.583580440860215 0.025624999999999953 0.11238500000000008
0 0.3414453125 0.611102440860215 0.02562500000000001 0.10779899999999998
0 0.393828125 0.6726015878136201 0.03562500000000002 0.14449599999999996
0 0.4046875 0.49413044086021507 0.017500000000000016 0.11238500000000008
0 0.4722265625 0.63590458781362 0.03437499999999999 0.14449600000000007
0 0.518046875 0.5084673584229391 0.028124999999999956 0.14220200000000005
0 0.6051953125 0.5367056702508961 0.02562500000000001 0.12155900000000001
0 0.651328125 0.6588405878136201 0.03687499999999999 0.14449500000000004
0 0.6965625 0.21703529390681003 0.016874999999999973 0.07798099999999994
0 0.70796875 0.5514694408602151 0.024374999999999925 0.1123859999999999
0 0.7240234375 0.6939588996415771 0.030625000000000013 0.12844100000000008
0 0.730390625 0.26878452329749103 0.020625000000000004 0.08486199999999998
0 0.7465625 0.21660744086021508 0.016874999999999973 0.112385
0 0.7893359375 0.321536523297491 0.015000000000000013 0.08027500000000007
0 0.8587890625 0.34805675268817204 0.01937500000000003 0.089449
0 0.911015625 0.321536523297491 0.020625000000000004 0.08486199999999998
