0 0.050859375 0.398112064516129 0.044375 0.06660399999999998
0 0.089375 0.35038761583577716 0.0325 0.07129499999999996
0 0.155703125 0.38134461583577717 0.03562499999999999 0.07317099999999997
0 0.185625 0.2973263401759531 0.03187499999999999 0.06941900000000001
0 0.2152734375 0.2697126158357771 0.029375000000000012 0.07317000000000004
0 0.247578125 0.3485116158357771 0.03624999999999998 0.07317099999999997
0 0.2978515625 0.290641788856305 0.03375 0.06285199999999999
0 0.35078125 0.3085833401759531 0.040000000000000036 0.06941900000000001
0 0.3850390625 0.2926914105571848 0.018125000000000002 0.047841999999999996
0 0.405703125 0.25364606451612903 0.03562500000000002 0.06472799999999997
0 0.4264453125 0.276570788856305 0.026874999999999982 0.06378900000000004
0 0.46765625 0.29210806451612903 0.03999999999999998 0.06472800000000001
0 0.534375 0.2795033401759531 0.03187499999999999 0.06941800000000004
0 0.5725 0.38093489149560117 0.03187499999999999 0.07504699999999995
0 0.615703125 0.31315578885630496 0.03562500000000002 0.06379000000000001
0 0.618203125 0.21624161583577714 0.03562500000000002 0.071294
0 0.653125 0.291051513196481 0.03125 0.059099999999999986
0 0.675703125 0.35226361583577714 0.036250000000000004 0.07317100000000001
0 0.72375 0.3021348914956012 0.03187499999999999 0.07504699999999999
0 0.755078125 0.35226361583577714 0.036250000000000004 0.07129499999999996
0 0.7566015625 0.2607413401759531 0.03375000000000006 0.069418
0 0.8016015625 0.296269788856305 0.03437499999999993 0.06378999999999997
0 0.8542578125 0.365688788856305 0.04125000000000001 0.06285199999999999
0 0.8998046875 0.31362899413489737 0.038125000000000075 0.086304
0 0.955078125 0.33831116715542525 0.03562500000000002 0.076923
