0 0.0078125 0.2684504172767203 0.0175 0.03283300000000008
0 0.0926171875 0.37854919033674955 0.023124999999999993 0.052532
0 0.1155078125 0.44943131918008783 0.011249999999999996 0.05347099999999999
0 0.193359375 0.4205788345534407 0.012500000000000011 0.06472800000000001
0 0.291171875 0.3930320614934114 0.028124999999999956 0.04784199999999991
0 0.3194921875 0.5640357364568083 0.02312499999999995 0.0863039999999999
0 0.3221875 0.35896244802342603 0.015625 0.05816199999999997
0 0.3703125 0.5957905402635432 0.01687500000000003 0.12851800000000005
0 0.4391015625 0.36816009224011714 0.03437499999999999 0.07129400000000001
0 0.4520703125 0.23543406149341142 0.02562500000000001 0.047841999999999996
0 0.553125 0.3798289633967789 0.03249999999999997 0.06941800000000001
0 0.773125 0.6773162210834553 0.0625 0.07504700000000013
0 0.824921875 0.8524578286969253 0.08999999999999997 0.15572299999999992
0 0.817109375 0.5485437672035139 0.04437499999999994 0.10975699999999997
