0 0.0098359375 0.2417263614457832 0.015 0.046295999999999955
0 0.09471875 0.2554664578313253 0.023999999999999994 0.05864200000000004
0 0.139296875 0.27169793975903617 0.06000000000000001 0.12037
0 0.2116484375 0.2183545060240964 0.03 0.06481499999999996
0 0.33234375 0.23172284337349397 0.05499999999999999 0.10802500000000002
0 0.483484375 0.293860578313253 0.04299999999999998 0.07407400000000004
0 0.4757421875 0.6321953373493976 0.021999999999999964 0.04475300000000004
0 0.50134375 0.17443896385542168 0.05500000000000005 0.123456
0 0.6663203125 0.1467349156626506 0.05699999999999994 0.117284
0 0.81734375 0.14978393975903614 0.05599999999999994 0.118828
