0 0.037210868162692846 0.25453125 0.044025 0.03937499999999999
0 0.0840409172510519 0.28578125 0.049415999999999995 0.04062500000000002
0 0.17629849088359045 0.35578125 0.05660400000000003 0.04062500000000002
0 0.19584539270687237 0.2386328125 0.046721 0.04125000000000001
0 0.23009744179523145 0.3578125 0.05211099999999998 0.04750000000000004
0 0.4981052608695653 0.354375 0.08805 0.09562500000000002
0 0.5047012945301542 0.24375 0.03414200000000011 0.0325
0 0.5784853436185132 0.2572265625 0.04133000000000012 0.033749999999999974
0 0.6560618835904628 0.3584375 0.10332399999999999 0.11062499999999997
0 0.6579458190743338 0.2572265625 0.036837000000000036 0.033749999999999974
0 0.7246519172510519 0.2554296875 0.04941600000000001 0.03749999999999998
0 0.7993339663394109 0.35796875 0.05570600000000004 0.05499999999999999
0 0.8787944417952314 0.2230078125 0.051213000000000126 0.04124999999999998
