0 0.01171875 0.60515625 0.024375 0.070833
0 0.01953125 0.7032809166666666 0.04 0.06166700000000006
0 0.11125 0.5852600833333333 0.03249999999999999 0.03583400000000007
0 0.1337109375 0.5642705 0.013750000000000012 0.04833400000000002
0 0.2229296875 0.55515625 0.037500000000000006 0.07250000000000001
0 0.265390625 0.55088575 0.020625000000000004 0.024165999999999983
0 0.373984375 0.7008854166666666 0.044375 0.10833300000000001
0 0.4321484375 0.6663020833333334 0.06187500000000001 0.12916699999999995
0 0.4834375 0.5491663333333333 0.016874999999999973 0.04333400000000006
0 0.4984765625 0.6119788333333332 0.03375 0.05750000000000003
0 0.52234375 0.7564059166666667 0.024375000000000036 0.09333399999999988
0 0.5234375 0.5577600833333333 0.015625 0.03416699999999998
0 0.5288671875 0.5279684166666666 0.023125000000000062 0.045000000000000075
0 0.5592578125 0.6066663333333334 0.011250000000000093 0.04416699999999999
0 0.63953125 0.7562503333333334 0.040000000000000036 0.10499999999999998
0 0.6784375 0.5616663333333333 0.015625 0.04249999999999998
0 0.7019921875 0.5512496666666666 0.021874999999999978 0.022499999999999964
0 0.7217578125 0.7917708333333334 0.041874999999999996 0.08916699999999993
0 0.7137109375 0.5982291666666666 0.015000000000000013 0.038333000000000096
0 0.7645703125 0.5683333333333334 0.026875000000000093 0.04333299999999992
0 0.7951171875 0.6677604166666667 0.02312499999999995 0.07583299999999997
0 0.866640625 0.6348955 0.05249999999999999 0.07916700000000014
0 0.9209765625 0.6401045 0.03374999999999995 0.048333000000000105
0 0.984921875 0.6144274166666667 0.028125000000000067 0.07583299999999997
0 0.987890625 0.7256253333333333 0.02124999999999999 0.07500000000000002
