0 0.0546875 0.41982903448275866 0.04875 0.07836699999999992
0 0.05546875 0.18369906896551721 0.024375000000000008 0.05187600000000003
0 0.1012890625 0.26475593103448275 0.018125000000000002 0.050773000000000054
0 0.1746875 0.039655172413793106 0.047500000000000014 0.080574
0 0.1688671875 0.19032106896551723 0.023125000000000007 0.05408399999999999
0 0.2271875 0.48329113793103445 0.048750000000000016 0.10596099999999996
0 0.217890625 0.2773807931034483 0.01999999999999999 0.045254
0 0.2806640625 0.22943593103448273 0.01937500000000003 0.049669000000000026
0 0.281484375 0.37865224137931036 0.011874999999999969 0.034216
0 0.2968359375 0.32111996551724137 0.015000000000000013 0.025385999999999964
0 0.4238671875 0.3332453793103448 0.053749999999999964 0.13576200000000002
0 0.4767578125 0.4239062413793104 0.010000000000000009 0.03421600000000005
0 0.6566796875 0.5043351724137931 0.03874999999999995 0.07947000000000001
0 0.7940234375 0.4559716896551724 0.06062499999999993 0.12030899999999997
0 0.7991796875 0.5691105862068966 0.038124999999999964 0.09271499999999999
0 0.9530859375 0.45155668965517237 0.04625000000000001 0.11920499999999991
