0 0.08828125 0.1900224375917768 0.07125000000000001 0.12781899999999996
0 0.2710546875 0.18497414390602054 0.007500000000000007 0.015037000000000035
0 0.3671875 0.2794842936857563 0.04749999999999999 0.11372199999999996
0 0.3628125 0.20523957268722465 0.01687500000000003 0.01973599999999999
0 0.4125390625 0.2918212907488987 0.018125000000000002 0.07142899999999995
0 0.4384375 0.3012192907488987 0.015625 0.073309
0 0.4454296875 0.18121414390602056 0.006249999999999978 0.015037999999999992
0 0.5066796875 0.2917055726872247 0.007499999999999951 0.01973700000000001
0 0.5327734375 0.34621543318649045 0.030625000000000013 0.06578899999999993
0 0.6190625 0.33722914390602055 0.015625 0.01691700000000004
0 0.6258984375 0.38704000440528635 0.030000000000000027 0.06390999999999994
0 0.6446875 0.3631914317180617 0.016875000000000084 0.046053000000000066
0 0.6881640625 0.40337071659324525 0.01937500000000003 0.03477399999999996
0 0.7179296875 0.45523957268722465 0.0068750000000000755 0.01879700000000005
0 0.7505859375 0.39585171659324514 0.013749999999999929 0.032895000000000015
0 0.77015625 0.13369371512481645 0.009375000000000022 0.012218000000000003
0 0.8593359375 0.40149071659324526 0.013749999999999929 0.03289499999999993
0 0.8921875 0.39855385903083707 0.016874999999999973 0.029135999999999898
0 0.918359375 0.09057757268722466 0.011874999999999969 0.017857000000000022
0 0.9566796875 0.43738157268722466 0.007500000000000062 0.01973700000000001
0 0.9887109375 0.3920927165932452 0.014999999999999902 0.03477400000000004
0 0.9917578125 0.07595114390602056 0.011250000000000093 0.015037999999999992
