0 0.0596875 0.6130651778140294 0.015625000000000007 0.04488500000000007
0 0.0889453125 0.6512304991843394 0.025624999999999995 0.04697299999999988
0 0.092890625 0.5774435350734094 0.01999999999999999 0.036534000000000136
0 0.1484375 0.5795942854812398 0.016875 0.014613999999999953
0 0.1910546875 0.4116669282218597 0.007500000000000007 0.020877000000000024
0 0.307734375 0.4087972137030995 0.013124999999999998 0.034447000000000026
0 0.3159375 0.5044372854812398 0.015625 0.014614000000000047
0 0.3362109375 0.7978303197389887 0.04562500000000003 0.09603299999999998
0 0.3584375 0.5450845350734094 0.016874999999999973 0.036534000000000136
0 0.405234375 0.5595668923327897 0.012500000000000011 0.030271999999999816
0 0.4546875 0.5695492137030994 0.016249999999999987 0.034447000000000026
0 0.5126171875 0.6156088564437194 0.023125000000000062 0.040709999999999955
0 0.5684375 0.5741808923327895 0.016874999999999973 0.030271000000000114
0 0.6720703125 0.6591258205546493 0.026874999999999982 0.04906
0 0.8558984375 0.6313974991843393 0.02937499999999993 0.04697300000000007
0 0.9453125 0.5882075709624794 0.016874999999999973 0.029227000000000114
0 0.9541015625 0.6831338205546492 0.034375000000000044 0.051148
