0 0.0347265625 0.126695 0.035 0.05178899999999996
0 0.09171875 0.014705882352941176 0.024374999999999994 0.032014999999999995
0 0.1349609375 0.1727595294117647 0.04625 0.11770200000000003
0 0.27058593750000004 0.23655717647058824 0.046249999999999986 0.10640300000000004
0 0.281328125 0.155885 0.03687499999999999 0.050848
0 0.306953125 0.11021070588235295 0.03687499999999999 0.07532999999999998
0 0.3873828125 0.4235684705882353 0.10499999999999998 0.182674
0 0.41796875 0.206309 0.05499999999999999 0.10263599999999998
0 0.48203125 0.1438134705882353 0.04062500000000002 0.084745
0 0.5214062500000001 0.4523460588235294 0.101875 0.18644000000000005
0 0.5895703125 0.09644682352941175 0.02562500000000001 0.04425600000000001
0 0.6095703125 0.14546311764705883 0.02562500000000001 0.07344700000000001
0 0.6517578125 0.2281460588235294 0.04125000000000001 0.08662900000000005
0 0.6901171875 0.4033810588235294 0.11687500000000006 0.18549999999999997
0 0.8829296875 0.16535429411764707 0.03749999999999998 0.079096
0 0.88234375 0.010294117647058823 0.024375000000000036 0.021657
0 0.95578125 0.2642127058823529 0.07187500000000002 0.12429400000000006
0 0.961640625 0.01911764705882353 0.020000000000000018 0.038606
