0 0.013671875 0.36135416666666664 0.028125 0.07000000000000002
0 0.11609375 0.3729684166666667 0.024375000000000008 0.046667000000000014
0 0.1474609375 0.33671875 0.013750000000000012 0.024166999999999977
0 0.176875 0.42708299999999993 0.03187499999999999 0.0625
0 0.1946875 0.3330208333333333 0.016874999999999973 0.027500000000000007
0 0.223125 0.3622395833333334 0.0325 0.04999999999999997
0 0.2441796875 0.4385934166666667 0.037500000000000006 0.07583400000000003
0 0.3198828125 0.6679684166666666 0.07250000000000001 0.17083400000000015
0 0.3602734375 0.46968716666666666 0.02999999999999997 0.06833400000000005
0 0.362265625 0.54734375 0.020625000000000004 0.05666700000000002
0 0.4203515625 0.6216666666666666 0.03375 0.08500000000000012
0 0.4365625 0.37692708333333336 0.01749999999999996 0.03583299999999993
0 0.5129296875 0.402917 0.03874999999999995 0.0625
0 0.5854296875 0.47375000000000006 0.03874999999999995 0.06333299999999993
0 0.6178515625 0.3867705000000001 0.03375000000000006 0.04833399999999995
0 0.6225 0.3971354166666667 0.03187499999999999 0.046667000000000014
0 0.696796875 0.5061461666666667 0.05937500000000007 0.10083299999999995
0 0.7559375 0.6079166666666667 0.07874999999999999 0.14749999999999996
