0 0.09481737500000001 0.7076390922401171 0.043334 0.07249999999999998
0 0.109245125 0.5192825768667643 0.036666000000000004 0.060000000000000026
0 0.197292 0.5036749633967789 0.031666 0.06750000000000003
0 0.204817375 0.7749597364568083 0.04333400000000001 0.0874999999999999
0 0.2349345625 0.6161749633967789 0.034999999999999976 0.06749999999999995
0 0.2646484375 0.4463543191800879 0.030000000000000027 0.05499999999999999
0 0.3224609375 0.6586749633967789 0.046667000000000014 0.06999999999999992
0 0.357292 0.43281844802342606 0.03166599999999997 0.05749999999999997
0 0.4013154375 0.6957467057101026 0.030000000000000027 0.0625
0 0.418671875 0.4898901903367497 0.02833299999999994 0.05249999999999994
0 0.452578125 0.586174963396779 0.036667000000000005 0.07
0 0.4632685625 0.42989019033674963 0.033333 0.04999999999999997
0 0.5191279375 0.7314238653001464 0.04666599999999993 0.09000000000000004
0 0.518671875 0.45489019033674966 0.02833299999999994 0.052500000000000026
0 0.558958 0.45506954612005857 0.031667 0.03750000000000002
0 0.5899345625 0.5198901903367497 0.03500000000000003 0.05000000000000005
0 0.658671875 0.4382467057101025 0.02833299999999994 0.0625
0 0.7660283125 0.41428257686676423 0.026666999999999996 0.060000000000000026
0 0.7763154375 0.5238543191800878 0.030000000000000027 0.05499999999999999
0 0.8468876875 0.6453184480234262 0.03833399999999998 0.05749999999999997
0 0.967578125 0.6111749633967789 0.036667000000000005 0.06999999999999992
