0 0.0133203125 0.3384387057101025 0.026875 0.06379000000000003
0 0.0087109375 0.2923152884333821 0.015000000000000001 0.030956000000000067
0 0.0294140625 0.32432354612005854 0.019375 0.036586000000000035
0 0.030234375 0.2734390307467057 0.013124999999999998 0.023452000000000053
0 0.0468359375 0.29261290190336753 0.013749999999999998 0.022514000000000034
0 0.0468359375 0.3291979019033675 0.015 0.020638
0 0.06812499999999999 0.4176064172767204 0.03187500000000001 0.032832999999999994
0 0.0725390625 0.33258219033674963 0.019375000000000003 0.05159499999999995
0 0.0933203125 0.6325598960468521 0.057499999999999996 0.11163200000000004
0 0.0778125 0.4955816749633968 0.016874999999999987 0.0384610000000001
0 0.077109375 0.2884480307467057 0.013125000000000012 0.024391
0 0.0837109375 0.2631200307467057 0.015 0.025328000000000003
0 0.1 0.31311070571010247 0.031875 0.06379000000000003
0 0.102890625 0.40147506149341133 0.020625000000000004 0.04690400000000002
0 0.1266015625 0.3970125768667642 0.034375 0.06097500000000001
0 0.1312109375 0.2832319019033675 0.013749999999999998 0.022513999999999992
0 0.14734375 0.3292420614934114 0.024375000000000008 0.04784300000000001
0 0.1580859375 0.5142034787701318 0.045625 0.08067499999999998
0 0.1603125 0.30304615959004394 0.016875 0.02907999999999999
0 0.1670703125 0.38458906149341143 0.02562499999999998 0.04878099999999994
0 0.1742578125 0.27103690190336754 0.01125000000000001 0.021575999999999974
0 0.1851953125 0.35081806149341144 0.02562500000000001 0.04784299999999997
0 0.1842578125 0.2784276442166911 0.009999999999999981 0.015008999999999963
0 0.2026171875 0.3062019326500732 0.023125000000000007 0.045028000000000026
0 0.21125 0.4253830922401171 0.031875000000000014 0.07129400000000001
0 0.228828125 0.5555667979502197 0.06687500000000002 0.134146
0 0.2061328125 0.2762530307467057 0.009999999999999981 0.02345299999999998
0 0.2233984375 0.36331167496339684 0.029375000000000012 0.04033699999999997
0 0.2474609375 0.33235467496339677 0.015624999999999972 0.04033799999999998
0 0.259609375 0.2597799019033675 0.012500000000000011 0.021576000000000015
0 0.260859375 0.2917891595900439 0.012500000000000011 0.027204
0 0.266640625 0.3436116749633968 0.020625000000000004 0.038460999999999974
0 0.2831640625 0.4980711229868228 0.050000000000000044 0.09380900000000002
0 0.293828125 0.2770777730600293 0.005624999999999991 0.017822999999999974
0 0.30859375 0.3288301903367496 0.02437499999999998 0.051594999999999995
0 0.325 0.3886137364568082 0.03125 0.08630399999999994
0 0.3262890625 0.3063862884333821 0.019374999999999976 0.030957
0 0.3494140625 0.2903250307467057 0.018125000000000002 0.026266000000000064
0 0.363046875 0.35562231918008785 0.02812500000000001 0.055346999999999986
0 0.3698828125 0.2807155153733529 0.010624999999999996 0.013133999999999982
0 0.3855078125 0.2503989019033675 0.010000000000000009 0.02063800000000004
0 0.4024609375 0.2861601595900439 0.014374999999999971 0.02814300000000003
0 0.4332421875 0.40572725183016106 0.05375000000000002 0.09849900000000002
0 0.4307421875 0.3287860307467057 0.023125000000000007 0.026267000000000037
0 0.4633203125 0.6202506383601757 0.05687500000000001 0.10600399999999992
0 0.467109375 0.2672849019033675 0.012500000000000011 0.021575999999999974
0 0.475859375 0.32116777306002925 0.013125000000000053 0.017823000000000016
0 0.495078125 0.36816009224011714 0.03562500000000007 0.07316999999999996
0 0.49328125 0.2714487730600293 0.00874999999999998 0.01969999999999998
0 0.5143359375 0.3147150307467057 0.015000000000000013 0.025328000000000003
0 0.5312109375 0.3875874172767204 0.014374999999999916 0.032832999999999994
0 0.5633203125 0.5307908653001464 0.05812499999999998 0.08817999999999994
0 0.542734375 0.2798917730600293 0.012499999999999956 0.018761999999999963
0 0.548515625 0.30796467496339675 0.020625000000000004 0.04033700000000005
0 0.5701171875 0.33985967496339675 0.023125000000000062 0.04033700000000001
0 0.591640625 0.295356803806735 0.020000000000000018 0.042213999999999974
0 0.6120703125 0.7354512825768669 0.057499999999999996 0.12101299999999993
0 0.6035546875 0.39758286530014636 0.03875000000000006 0.08911800000000003
0 0.6374609375 0.2637604172767204 0.015000000000000013 0.032832999999999994
0 0.665 0.4969497672035139 0.06312499999999999 0.10881799999999993
0 0.675859375 0.26540790190336755 0.011874999999999969 0.021575999999999974
0 0.689375 0.4208322884333821 0.03187499999999999 0.031895000000000014
0 0.6946484375 0.37754109224011706 0.02937499999999993 0.07129400000000005
0 0.7149609375 0.48834834992679366 0.04500000000000004 0.07692399999999998
0 0.7096875 0.27959415959004397 0.016874999999999973 0.027204
0 0.72671875 0.3535889019033675 0.024375000000000036 0.021575999999999932
0 0.7353125 0.3015820307467057 0.015625 0.025328000000000003
0 0.7494921875 0.26586393265007324 0.02312499999999995 0.04502899999999996
0 0.7600390625 0.31359267496339677 0.01937500000000003 0.04033800000000002
0 0.7773828125 0.44812460761347 0.04125000000000001 0.08442799999999995
0 0.8128125 0.2726152884333821 0.015625 0.030957
0 0.8394921875 0.6196112518301611 0.05312499999999998 0.09849900000000006
0 0.829140625 0.27513167496339674 0.020625000000000004 0.04033700000000001
0 0.866953125 0.43206334992679357 0.03562500000000002 0.076923
0 0.8998046875 0.3417788345534407 0.038125000000000075 0.065667
0 0.9223828125 0.5771687364568082 0.041874999999999996 0.08630399999999998
0 0.9559375 0.7138752825768667 0.078125 0.12288900000000014
0 0.9725 0.6188825461200586 0.03187499999999999 0.036586000000000035
0 0.979140625 0.21298915959004394 0.020625000000000004 0.02720499999999997
0 0.9887890625 0.3413669633967789 0.01937500000000003 0.06754299999999999
