0 0.0087890625 0.19619336122177955 0.01875 0.04680900000000003
0 0.2139453125 0.24990280610889776 0.12062500000000001 0.226383
0 0.3549609375 0.37631976494023905 0.044999999999999984 0.09787199999999997
0 0.3501171875 0.21420559495351926 0.023125000000000007 0.07489399999999997
0 0.3519140625 0.21491636122177954 0.018125000000000002 0.04680899999999999
0 0.3627734375 0.18390438247011956 0.029374999999999984 0.050213
0 0.4216796875 0.31381778618857903 0.03749999999999998 0.09872300000000002
0 0.4940625 0.29745976361221776 0.10999999999999993 0.22212800000000005
0 0.6471484375 0.2194804887118194 0.030625000000000013 0.061277000000000005
0 0.6794921875 0.33083878618857904 0.053750000000000075 0.099575
0 0.788203125 0.3084579123505976 0.130625 0.24085099999999993
0 0.902578125 0.22080850996015938 0.03687499999999999 0.06468099999999996
0 0.9748828125 0.34047172244355906 0.041874999999999996 0.09106399999999999
0 0.984921875 0.33723561620185927 0.028125000000000067 0.07829799999999999
