0 0.0809375 0.44171602489019035 0.079375 0.11538499999999999
0 0.0790234375 0.2244746749633968 0.030625 0.04033799999999998
0 0.205625 0.07844950951683748 0.03312499999999999 0.10318900000000003
0 0.3018359375 0.5382517057101024 0.07687500000000003 0.06379000000000003
0 0.446484375 0.17349412298682285 0.04375000000000001 0.09662300000000003
0 0.49875 0.5182530922401172 0.0625 0.070357
0 0.5781640625 0.2792955461200586 0.018750000000000044 0.03658499999999998
0 0.6334375 0.31254041727672033 0.015625 0.03470899999999998
0 0.76640625 0.25361705563689607 0.07062500000000005 0.139775
0 0.7841015625 0.5585209941434846 0.06500000000000006 0.09287100000000004
