0 0.1531640625 0.48549019033674967 0.019375000000000003 0.052532999999999934
0 0.167109375 0.4915310614934114 0.012499999999999983 0.046904000000000105
0 0.2293359375 0.32725180380673496 0.014374999999999999 0.042214000000000015
0 0.2406640625 0.3164066749633968 0.01874999999999999 0.03846199999999999
0 0.25691406250000004 0.3728059326500732 0.018124999999999974 0.04408999999999997
0 0.2690625 0.37385819033674966 0.01687500000000003 0.05065699999999998
0 0.356640625 0.4694289326500732 0.020625000000000004 0.04596600000000004
0 0.3744921875 0.3247354172767204 0.023125000000000007 0.03471
0 0.3740625 0.28563403074670574 0.015625 0.025328999999999977
0 0.3765625 0.4765220614934114 0.016874999999999973 0.04971800000000003
0 0.3912109375 0.30931454612005854 0.014999999999999958 0.03658500000000002
0 0.3992578125 0.3673612884333821 0.010000000000000009 0.030956999999999957
0 0.4096875 0.3596729326500732 0.01687500000000003 0.045965999999999924
0 0.4934375 0.33775515959004393 0.016249999999999987 0.028141999999999973
0 0.5006640625000001 0.4873671903367497 0.018125000000000002 0.05065599999999992
0 0.50703125 0.36360928843338214 0.009374999999999911 0.03095700000000004
0 0.5146875 0.36278554612005853 0.015625 0.03658500000000002
0 0.5146875 0.49445931918008784 0.016875000000000084 0.05440900000000005
0 0.523359375 0.2919024172767203 0.012500000000000067 0.03471000000000008
0 0.6353125 0.3583931595900439 0.015625 0.027204
0 0.636953125 0.3463114172767204 0.005624999999999991 0.034709999999999956
0 0.6634375 0.4796336749633968 0.015625 0.03846199999999999
0 0.6819921875 0.4690170614934114 0.021874999999999978 0.04784200000000008
0 0.7146875 0.287098159590044 0.015625 0.029080999999999965
0 0.7323828125 0.2802335461200586 0.010000000000000009 0.036585999999999994
0 0.7549609375 0.37328790190336747 0.013749999999999929 0.02063799999999996
0 0.763984375 0.3548686749633968 0.011874999999999969 0.04033799999999998
0 0.8113671875 0.48695431918008786 0.02312499999999995 0.05440900000000005
0 0.8313671875 0.4883051903367496 0.021874999999999978 0.051594000000000154
0 0.8940625 0.40833967496339674 0.015625 0.04033800000000002
