0 0.10423368749999999 0.4755310602409638 0.038148 0.13513600000000006
0 0.200192125 0.4109761084337349 0.036273 0.13899599999999998
0 0.2379895625 0.5627878192771085 0.03439699999999998 0.10424699999999992
0 0.2716844375 0.4386189638554218 0.030644000000000005 0.12162199999999994
0 0.33117356249999996 0.43221110843373495 0.035021000000000024 0.14092700000000002
0 0.3622883125 0.45359777108433735 0.025641999999999998 0.09845600000000006
0 0.42510175 0.5456459156626505 0.024390999999999996 0.11969100000000002
0 0.44323874999999996 0.4257218192771084 0.02439000000000008 0.10617799999999997
0 0.5022991875 0.47205381927710843 0.023140000000000105 0.10810900000000001
0 0.5379471875 0.4014747710843374 0.02313899999999991 0.09652499999999987
0 0.5630393124999999 0.49884872289156623 0.026892000000000027 0.09073400000000005
0 0.620772625 0.37699462650602417 0.021263000000000032 0.07915
0 0.63023075 0.5237126265060241 0.024390000000000134 0.07915099999999992
0 0.69151875 0.4851026265060241 0.024390000000000023 0.07915100000000008
0 0.7167310625 0.4153715301204819 0.01813700000000007 0.06756799999999995
0 0.7512823125 0.4979997710843373 0.025641000000000025 0.102317
0 0.7918551875000001 0.4227097710843373 0.02313999999999994 0.09845599999999996
0 0.8282053125000001 0.48425367469879527 0.026892000000000027 0.08687299999999992
0 0.918689 0.43306006024096383 0.03189500000000001 0.13706600000000008
