0 0.05125 0.014420969849246231 0.03187500000000001 0.019292999999999998
0 0.1007421875 0.5806406582914573 0.021875000000000006 0.03456600000000003
0 0.1789453125 0.3244277939698493 0.119375 0.20578799999999994
0 0.2245703125 0.599181190954774 0.026874999999999982 0.05707399999999992
0 0.3166015625 0.1428563567839196 0.15875 0.209807
0 0.448515625 0.6011409095477387 0.05250000000000005 0.053857999999999934
0 0.6818359375 0.5929122914572864 0.10812499999999992 0.16559499999999994
0 0.7803515625 0.744486070351759 0.09624999999999995 0.12700999999999987
0 0.88109375 0.16710944221105528 0.05625000000000002 0.07717099999999996
0 0.9603125 0.7283520351758794 0.046875 0.06350499999999987
