0 0.0289065 0.15799544281524927 0.047656 0.08206300000000002
0 0.2712895625 0.4019022903225806 0.128906 0.293083
0 0.3259763125 0.33413251319648096 0.025782000000000027 0.05978900000000003
0 0.374219 0.42176323753665684 0.03281199999999995 0.05861700000000006
0 0.443359875 0.40798951319648097 0.028123999999999982 0.05978899999999999
0 0.5013674374999999 0.43553696187683283 0.029687000000000074 0.053928000000000045
0 0.5314455625 0.44521023753665695 0.033592999999999984 0.057443999999999905
0 0.557813 0.2259832375366569 0.03203099999999992 0.058617000000000016
0 0.5876955625 0.4194254428152493 0.03359400000000001 0.08206300000000002
0 0.6541015625 0.525516788856305 0.03359400000000001 0.06330499999999993
0 0.7642573125 0.4367718093841642 0.151563 0.264947
