0 0.0205078125 0.4530205 0.0425 0.11166700000000003
0 0.055625 0.9486461666666667 0.06312499999999999 0.10000000000000009
0 0.0873828125 0.28312533333333334 0.041249999999999995 0.074166
0 0.096015625 0.16546841666666665 0.020625000000000004 0.04500000000000002
0 0.2027734375 0.2981770833333333 0.06062500000000001 0.098333
0 0.259765625 0.1492705 0.020625000000000004 0.04833400000000002
0 0.342421875 0.21265625 0.028749999999999998 0.07250000000000001
0 0.3837109375 0.33125033333333337 0.044999999999999984 0.10499999999999998
0 0.4176953125 0.24369825 0.026249999999999996 0.03916599999999996
0 0.533125 0.26859341666666664 0.03125 0.07749999999999997
0 0.6609765625 0.24109341666666664 0.03437499999999993 0.07750000000000001
0 0.689140625 0.3480208333333334 0.08250000000000002 0.151667
0 0.690390625 0.16541666666666666 0.020625000000000004 0.022500000000000003
0 0.767421875 0.1941149166666667 0.028749999999999942 0.06
0 0.9453515625 0.2461455 0.06562500000000004 0.14166700000000002
