0 0.0107421875 0.8932911492537312 0.023125 0.11722400000000022
0 0.4990234375 0.6712311791044776 0.999375 0.6411479999999999
0 0.035546875 0.8579765223880598 0.028125000000000004 0.14832599999999996
0 0.0587890625 0.6755871492537313 0.018750000000000003 0.11483300000000006
0 0.1086328125 0.5883204029850747 0.01125000000000001 0.05741599999999997
0 0.229765625 0.7237198358208955 0.020625000000000004 0.131579
0 0.3980078125 0.6596091194029851 0.011249999999999982 0.09330100000000015
0 0.4155859375 0.8689749552238805 0.04625000000000001 0.2177030000000001
0 0.512734375 0.6521464328358209 0.013125000000000053 0.07894700000000007
0 0.579609375 0.500374776119403 0.013125000000000053 0.08373199999999988
0 0.6688671875 0.7392165820895522 0.023125000000000062 0.19138799999999995
0 0.682421875 0.6564481492537313 0.028125000000000067 0.11244099999999999
0 0.9085546875 0.7912772089552238 0.03749999999999998 0.15789400000000003
0 0.904140625 0.5803754328358208 0.020000000000000018 0.08134000000000016
