0 0.21625 0.5892190833333334 0.033125000000000016 0.06583300000000003
0 0.244375 0.61484375 0.03125 0.055832999999999945
0 0.27156250000000004 0.30598925 0.047500000000000014 0.07083400000000002
0 0.3044921875 0.7327604166666667 0.053749999999999964 0.07749999999999997
0 0.3896484375 0.6555725833333333 0.030625000000000013 0.051666999999999984
0 0.714375 0.9436461666666668 0.0625 0.09999999999999994
0 0.7389453125 0.4648955000000001 0.026875000000000093 0.07916699999999999
0 0.7645703125 0.48109341666666666 0.02562500000000001 0.07749999999999997
0 0.8116796875 0.59578125 0.03875000000000006 0.10333299999999997
0 0.8836328125 0.8632288333333333 0.07250000000000001 0.11999999999999995
