0 0.093828125 0.2681969633967789 0.036250000000000004 0.06754200000000002
0 0.1186328125 0.35056360761347 0.041249999999999995 0.08255199999999996
0 0.18453125 0.3266997364568082 0.03937499999999999 0.08724200000000004
0 0.215 0.25547583455344075 0.033125000000000016 0.06566599999999995
0 0.2560546875 0.35971709224011716 0.03750000000000003 0.07129400000000001
0 0.265 0.2742368345534407 0.03312499999999996 0.06566599999999999
0 0.30875 0.35262396339677893 0.03312499999999996 0.06941899999999998
0 0.32875 0.2883088345534407 0.03125 0.06472800000000001
0 0.3578515625 0.35555222108345536 0.03375 0.075047
0 0.3932421875 0.26631996339677894 0.023125000000000007 0.06754299999999999
0 0.41390625 0.37296434992679356 0.03937500000000005 0.078799
0 0.41125 0.2878959633967789 0.033125000000000016 0.06848099999999997
0 0.4376953125 0.3294705768667643 0.026875000000000038 0.06097500000000001
0 0.4704296875 0.28384634992679353 0.038124999999999964 0.076923
0 0.51640625 0.28384634992679353 0.03937499999999999 0.076923
0 0.573359375 0.29814486530014644 0.04312499999999997 0.08818099999999995
0 0.6141015625 0.3258759941434846 0.03499999999999992 0.09286999999999994
0 0.67015625 0.26718886530014646 0.03937499999999994 0.08817999999999994
0 0.698984375 0.3426477364568082 0.04437500000000005 0.08630400000000002
0 0.770234375 0.2558877057101025 0.043749999999999956 0.06378999999999999
0 0.8238671875 0.22929715373352857 0.053749999999999964 0.11819899999999998
0 0.887265625 0.30940186530014646 0.05125000000000002 0.08818099999999995
0 0.8868359375 0.42476092679355787 0.04625000000000001 0.13508399999999993
0 0.956328125 0.24108028257686673 0.06812499999999999 0.12288899999999998
