0 0.3358203125 0.025 0.026874999999999982 0.05273099999999999
0 0.3715234375 0.38043352941176467 0.09187499999999998 0.16949200000000003
0 0.376796875 0.0870725294117647 0.058750000000000024 0.11770200000000001
0 0.638046875 0.11961611764705882 0.05999999999999994 0.12146900000000001
0 0.656171875 0.3380499411764706 0.09062500000000007 0.21657200000000004
0 0.7190625 0.03676470588235294 0.016249999999999987 0.07533
0 0.7733984375 0.05612629411764706 0.030625000000000013 0.079096
0 0.7871875 0.13697752941176472 0.04874999999999996 0.119586
0 0.8645703125 0.047058823529411764 0.025624999999999898 0.09510400000000001
0 0.938125 0.023529411764705882 0.03187499999999999 0.04802300000000001
0 0.981328125 0.17971064705882353 0.03562500000000002 0.09039599999999998
