0 0.0733984375 0.29416288679245284 0.029375 0.05941599999999996
0 0.153046875 0.3000105220125786 0.028749999999999998 0.072507
0 0.1990234375 0.3580485597484277 0.030624999999999986 0.05438099999999993
0 0.2877734375 0.319904213836478 0.030625000000000013 0.060423000000000025
0 0.3377734375 0.3827828867924528 0.030625000000000013 0.057401999999999974
0 0.351796875 0.28610688679245283 0.02812500000000001 0.057401
0 0.422421875 0.2738982327044025 0.02812500000000001 0.05236699999999998
0 0.438125 0.4281008867924528 0.03125 0.05740100000000004
0 0.5208984375 0.26564686792452835 0.02937500000000004 0.06646600000000001
0 0.544296875 0.37472688679245286 0.028124999999999956 0.05740200000000002
0 0.61375 0.24160152201257862 0.03249999999999997 0.07250800000000002
0 0.69875 0.4862625786163522 0.03312500000000007 0.045317000000000024
0 0.7025 0.2867948679245283 0.03187499999999999 0.06747299999999994
0 0.77125 0.36824321383647807 0.03249999999999997 0.06142999999999991
0 0.840625 0.35515121383647796 0.0318750000000001 0.06243700000000001
0 0.85109375 0.5151485597484277 0.024375000000000036 0.05639500000000005
0 0.9165234375 0.4914212327044025 0.02937500000000004 0.051358999999999946
0 0.9333984375 0.34463854088050316 0.030625000000000013 0.06445099999999995
