0 0.035223066168623265 0.544921875 0.028181000000000008 0.027343999999999924
0 0.12275665101387405 0.3056640625 0.01622600000000001 0.01953100000000002
0 0.26558183030949845 0.6216796875 0.026473999999999914 0.03828100000000001
0 0.3409461227321238 0.3833981875 0.02049500000000002 0.02265600000000001
0 0.40008335859124866 0.5867185 0.02220300000000001 0.015625
0 0.44726248132337254 0.9232421875 0.040990999999999944 0.05312499999999998
0 0.48078388687299894 0.6361333125 0.018786999999999974 0.025780999999999943
0 0.7824480661686232 0.3974604375 0.02818100000000006 0.029687999999999992
0 0.785438651013874 0.3060549375 0.015371000000000056 0.014844000000000024
0 0.9054190096051229 0.682422125 0.037574999999999845 0.035937
0 0.9284781227321237 0.30703074999999996 0.020495000000000083 0.024219000000000046
0 0.946197886872999 0.506640625 0.01878699999999991 0.02031199999999994
0 0.957299886872999 0.358203375 0.01878699999999979 0.013280999999999987
