0 0.15546825 0.07699536280884266 0.040625999999999995 0.06451599999999999
0 0.22187474999999998 0.18989714304291283 0.025000000000000022 0.06763800000000002
0 0.264453125 0.12537494538361507 0.06718800000000003 0.121748
0 0.333203375 0.15112811573472043 0.07578099999999999 0.12903199999999998
0 0.430077875 0.1329226540962289 0.05937500000000007 0.092612
0 0.545313 0.22891460468140443 0.06328099999999992 0.10509900000000001
0 0.57343775 0.14619026397919374 0.05625000000000002 0.09053099999999999
0 0.639844 0.14593087386215867 0.06328100000000003 0.08740899999999997
0 0.6458986875 0.27365960468140443 0.07031200000000004 0.10613999999999998
0 0.7177736874999999 0.1454082145643693 0.07031200000000015 0.10301800000000001
0 0.779688 0.18625348374512357 0.0625 0.08428699999999999
0 0.840234125 0.2138268244473342 0.06640699999999988 0.100937
