0 0.0274009375 0.2878166749633968 0.04657699999999999 0.04021199999999997
0 0.1018791875 0.3893029941434847 0.052928 0.09206399999999998
0 0.1810335625 0.3930578345534406 0.03458 0.06560800000000007
0 0.2423656875 0.4278771537335285 0.06845499999999996 0.11746000000000004
0 0.2606651875 0.33110199414348457 0.053634000000000015 0.09312200000000001
0 0.321085625 0.4460398653001464 0.05151699999999998 0.08994700000000003
0 0.36978062500000003 0.33745199414348465 0.05151699999999998 0.092063
0 0.480627125 0.3357267979502196 0.06704300000000002 0.13227499999999998
0 0.5594537500000001 0.34420612298682285 0.05504599999999993 0.096297
0 0.6246008125 0.3324067364568082 0.04234300000000002 0.08677300000000002
0 0.807538 0.4023207672035139 0.062809 0.10899500000000002
0 0.8477221875 0.36374660761347 0.021877000000000035 0.08254
