0 0.07152343750000001 0.6008333333333333 0.02937499999999999 0.04285700000000004
0 0.163046875 0.48613142857142866 0.028124999999999983 0.04476099999999989
0 0.1818359375 0.4793452380952381 0.015000000000000013 0.039047999999999895
0 0.1975390625 0.5016671428571429 0.018125000000000002 0.037142000000000105
0 0.2265625 0.5080354285714286 0.017499999999999988 0.04476200000000007
0 0.2330859375 0.41690514285714286 0.014999999999999986 0.03714199999999993
0 0.2450390625 0.47869095238095244 0.019375000000000003 0.03142799999999993
0 0.2583203125 0.513631238095238 0.02562499999999998 0.039047000000000054
0 0.2596875 0.44113104761904764 0.016249999999999987 0.035238
0 0.2890625 0.504107238095238 0.016874999999999973 0.040952
0 0.2965625 0.41434485714285707 0.016874999999999973 0.029524000000000074
0 0.3096875 0.5379763333333334 0.016249999999999987 0.04190499999999994
0 0.3269140625 0.5229168571428572 0.01937500000000003 0.029523999999999988
0 0.3300390625 0.4258930476190476 0.018750000000000044 0.035238
0 0.3350390625 0.4811310476190476 0.01874999999999999 0.035238
0 0.3403125 0.40547614285714284 0.016874999999999973 0.03714300000000003
0 0.350859375 0.42249995238095234 0.013125000000000053 0.032381000000000035
0 0.3594140625 0.5178571428571429 0.01874999999999999 0.03714300000000003
0 0.3669140625 0.43541704761904765 0.019374999999999976 0.035238
0 0.3837890625 0.49363123809523807 0.01874999999999999 0.039047000000000054
0 0.394765625 0.4544640476190476 0.020625000000000004 0.033333999999999975
0 0.4012890625 0.3883331428571429 0.019374999999999976 0.03714299999999995
0 0.4084375 0.4794644285714286 0.017500000000000016 0.04666700000000003
0 0.4219140625 0.4277980476190476 0.018125000000000002 0.03333300000000004
0 0.4425390625 0.4069642380952381 0.018125000000000002 0.03904800000000007
0 0.44671875 0.4898212380952381 0.02437499999999998 0.04095300000000002
0 0.469140625 0.44726195238095245 0.020625000000000004 0.031429000000000026
0 0.4721875 0.39785714285714285 0.01687500000000003 0.03714300000000003
0 0.4756640625 0.5117262380952381 0.01937500000000003 0.039047999999999985
0 0.4937890625 0.3902381428571429 0.01937500000000003 0.03714299999999999
0 0.508515625 0.5480354285714286 0.020625000000000004 0.04476199999999999
0 0.5134375 0.5030360476190476 0.01749999999999996 0.035238
0 0.5184375 0.4188091428571428 0.016874999999999973 0.03714300000000003
0 0.5428125 0.42059495238095235 0.016874999999999973 0.030476
0 0.5607421875 0.5488692380952381 0.021874999999999978 0.040952
0 0.5596875 0.3906550476190476 0.01749999999999996 0.03333299999999996
0 0.562890625 0.42249995238095234 0.020000000000000018 0.032381000000000035
0 0.5681640625 0.4988091428571429 0.018125000000000058 0.03619100000000002
0 0.5903125 0.42166714285714285 0.01749999999999996 0.03619000000000001
0 0.6032421875 0.5137504285714286 0.021874999999999978 0.04476099999999989
0 0.605859375 0.4199406666666667 0.011874999999999969 0.022857000000000044
0 0.6169140625 0.47119014285714284 0.018749999999999933 0.03714300000000003
0 0.620390625 0.43148785714285715 0.020625000000000004 0.029523999999999988
0 0.6475390625 0.4196429523809524 0.01937499999999992 0.03238099999999995
0 0.6612890625 0.5180955238095237 0.018125000000000058 0.048571000000000045
0 0.6751171875 0.47119014285714284 0.021874999999999978 0.03714300000000003
0 0.6744140625 0.42303604761904756 0.018124999999999947 0.035238
0 0.699765625 0.5045241428571429 0.020625000000000004 0.03714299999999995
0 0.7025390625 0.41297595238095236 0.01937500000000003 0.03142899999999994
0 0.7244140625 0.4306550476190476 0.01937500000000003 0.03333299999999996
0 0.7294140625 0.4793452380952381 0.01937500000000003 0.039047999999999895
0 0.743515625 0.5307742380952382 0.020000000000000018 0.039047000000000054
0 0.793515625 0.4733335238095238 0.020000000000000018 0.050476
0 0.88859375 0.4612502380952381 0.024375000000000036 0.040952
0 0.91921875 0.6219045238095238 0.024375000000000036 0.04857200000000006
0 0.9276171875 0.4927974285714286 0.02312499999999995 0.04476199999999999
0 0.963671875 0.6001780476190477 0.028125000000000067 0.03523899999999992
