0 0.06691406250000001 0.18471902702702703 0.019374999999999996 0.054808000000000016
0 0.08265625 0.131968006006006 0.009374999999999994 0.014422999999999993
0 0.1045703125 0.16002252252252253 0.025624999999999995 0.04615399999999997
0 0.1159375 0.13028101201201203 0.015625 0.02596199999999999
0 0.199140625 0.1755255255255255 0.020000000000000018 0.05288500000000001
0 0.2808984375 0.2381670900900901 0.09250000000000003 0.182692
0 0.413984375 0.13051801801801802 0.013124999999999998 0.03749999999999999
0 0.4837109375 0.16972757357357357 0.07687499999999997 0.14807700000000001
0 0.5305859375 0.13328401501501502 0.014999999999999902 0.03173099999999998
0 0.5961328125 0.12301051051051051 0.010624999999999996 0.021154000000000006
0 0.6488671875 0.3688180870870871 0.08437499999999998 0.17596100000000003
0 0.6886328125 0.122589012012012 0.010000000000000009 0.02692300000000002
0 0.73921875 0.17350708408408408 0.08749999999999991 0.169231
