0 0.12568400000000002 0.6928657507331378 0.06441499999999999 0.11549299999999994
0 0.1852161875 0.2631149237536657 0.053784 0.10798099999999997
0 0.304632125 0.31353634017595305 0.03564800000000001 0.067606
0 0.355202 0.6381095777126099 0.06253999999999998 0.12488200000000012
0 0.3517675 0.22761454545454543 0.04878100000000002 0.09107900000000001
0 0.405474375 0.35542909677419354 0.04377700000000001 0.09953100000000001
0 0.45541925 0.7608824750733137 0.07129399999999997 0.11361500000000001
0 0.442997375 0.26963644281524923 0.04440299999999997 0.08075100000000004
0 0.467070875 0.580536404692082 0.059411999999999965 0.13427200000000003
0 0.509443625 0.28324464809384164 0.05128200000000005 0.10422500000000003
0 0.5877378125 0.25014954545454543 0.042526000000000064 0.092958
0 0.636003 0.6658668533724341 0.06379000000000001 0.1276989999999999
0 0.6461291875 0.3117098211143695 0.05378399999999994 0.09577400000000005
0 0.698147375 0.5459750263929618 0.07442199999999999 0.11737100000000004
0 0.73841275 0.2334796480938416 0.055035000000000056 0.10328600000000002
0 0.8548899999999999 0.24996892375366567 0.06253900000000012 0.10798100000000001
