0 0.048359374999999996 0.43528861971830984 0.04375 0.07935100000000005
0 0.1553125 0.7644588873239436 0.017500000000000016 0.1496840000000001
0 0.20765625 0.5782738591549297 0.008750000000000008 0.03877399999999991
0 0.227421875 0.41399011267605634 0.02812500000000001 0.051397999999999965
0 0.2257421875 0.4293789577464789 0.023125000000000007 0.031560000000000005
0 0.237890625 0.38299740845070424 0.020000000000000018 0.035166000000000044
0 0.285390625 0.3591500704225352 0.02124999999999999 0.08295700000000002
0 0.2874609375 0.36129656338028165 0.013749999999999984 0.054102
0 0.377578125 0.560798366197183 0.03687499999999999 0.06672700000000008
0 0.4351953125 0.3902624647887324 0.02562500000000001 0.06131700000000011
0 0.5421484375 0.3155323661971831 0.030000000000000027 0.06672699999999997
0 0.6728125 0.3934749154929577 0.016249999999999987 0.06312000000000001
0 0.7796484375 0.39950326760563376 0.02937500000000004 0.07213700000000006
0 0.8394921875 0.4095940140845071 0.023125000000000062 0.05680799999999994
0 0.9297265625 0.4035048169014084 0.03375000000000006 0.06853100000000002
