0 0.0146484375 0.46560895280235987 0.03 0.2426820000000001
0 0.1062890625 0.3951466902654867 0.111875 0.21435300000000004
0 0.1925 0.25285591150442477 0.095 0.205855
0 0.220625 0.06784660766961652 0.06250000000000003 0.135977
0 0.3165234375 0.03982300884955752 0.060624999999999984 0.082153
0 0.3604296875 0.22925709144542772 0.10000000000000003 0.15864
0 0.5047265624999999 0.3791480265486726 0.128125 0.23984899999999998
0 0.48328125 0.1444596401179941 0.07125000000000004 0.09442800000000001
0 0.5631640625 0.0471976401179941 0.050000000000000044 0.097262
0 0.63296875 0.30798364896755165 0.05500000000000005 0.17469300000000001
0 0.655078125 0.1293506401179941 0.06812499999999999 0.094429
0 0.751484375 0.12137438643067845 0.07562500000000005 0.146364
0 0.8421484375 0.16062949262536874 0.06125000000000003 0.102927
0 0.9142578125 0.10597734513274337 0.04125000000000001 0.106705
0 0.9773828125 0.20594631268436578 0.04249999999999998 0.14919799999999997
