0 0.13765624999999998 0.3863821489361702 0.039999999999999994 0.11444100000000007
0 0.291328125 0.0760158510638298 0.036250000000000004 0.089918
0 0.3967578125 0.37046217021276595 0.04250000000000004 0.09809299999999996
0 0.409296875 0.09730989361702129 0.02812500000000001 0.06675799999999998
0 0.5095703125 0.1251552340425532 0.025624999999999953 0.06267000000000002
0 0.5773828125 0.4522061702127659 0.04125000000000001 0.098092
0 0.7215234375 0.43492419148936173 0.02937499999999993 0.08583099999999996
0 0.814140625 0.21149019148936168 0.020625000000000004 0.088556
0 0.8546484375 0.44582319148936167 0.02937500000000004 0.08583100000000009
0 0.9865625 0.30711889361702127 0.016874999999999973 0.06403300000000003
