0 0.13484374999999998 0.25126401459854014 0.05625000000000001 0.120448
0 0.154765625 0.46420103649635036 0.05125000000000002 0.09990600000000008
0 0.20640625 0.2880194744525547 0.03999999999999998 0.09337000000000004
0 0.2746875 0.4456967664233577 0.04812500000000003 0.08683499999999997
0 0.3173828125 0.2915837445255474 0.04125000000000001 0.10737600000000004
0 0.3944140625 0.43659718248175183 0.04999999999999999 0.0971059999999999
0 0.4380078125 0.3132294744525547 0.04250000000000004 0.09150299999999999
0 0.510859375 0.30739005839416056 0.04312499999999997 0.08029900000000001
0 0.5250390625 0.4192643284671532 0.050000000000000044 0.09430399999999997
0 0.5862109375 0.2738947664233577 0.04562500000000003 0.08590099999999996
0 0.6153125 0.48526889051094896 0.04874999999999996 0.1036409999999999
0 0.7096875 0.27973418248175186 0.04874999999999996 0.09897299999999999
0 0.7828125 0.32280389051094893 0.04749999999999999 0.10457499999999999
