0 0.1357424375 0.47445286861313873 0.061522999999999994 0.12408699999999992
0 0.220703125 0.4846712262773723 0.036133 0.05693499999999991
0 0.243164 0.547445102189781 0.03320300000000004 0.03941599999999998
0 0.3125005 0.3503645109489051 0.07910099999999998 0.19124100000000002
0 0.45507793750000003 0.34598545255474455 0.04589899999999997 0.11094899999999992
0 0.5673830624999999 0.43649683211678836 0.019531000000000076 0.024817000000000065
0 0.590820375 0.4642336861313868 0.011719000000000035 0.029197000000000035
0 0.631836 0.2744525766423358 0.06347600000000009 0.129927
0 0.790038875 0.4525547883211679 0.02832099999999993 0.06423400000000001
0 0.802733875 0.3839419562043795 0.027344000000000035 0.043794999999999945
0 0.8642576875000001 0.29635074452554744 0.06835999999999987 0.106569
