0 0.01359375 0.33585322108345533 0.024375 0.075046
0 0.0232421875 0.18717919033674965 0.023124999999999996 0.051594999999999995
0 0.037109375 0.46148612298682284 0.04375 0.09662299999999995
0 0.0502734375 0.20365231918008786 0.029375000000000005 0.055346999999999986
0 0.05703125 0.3657579633967789 0.04 0.06754199999999998
0 0.07046875 0.14702554612005855 0.024375000000000008 0.03658500000000002
0 0.1109375 0.4117681229868228 0.047500000000000014 0.09568400000000007
0 0.149140625 0.11231654612005855 0.020625000000000004 0.03658500000000002
0 0.1678515625 0.23296083455344072 0.03437500000000002 0.06660499999999997
0 0.17890625 0.33649260761346994 0.04062500000000002 0.08255199999999996
0 0.2040625 0.12387115959004391 0.016249999999999987 0.029081000000000027
0 0.22515625 0.34838999414348465 0.040624999999999994 0.09099399999999999
0 0.2271484375 0.23607344802342609 0.030625000000000013 0.057223000000000024
0 0.2446875 0.12574715959004393 0.015625 0.029080999999999985
0 0.2721484375 0.2860199633967789 0.030625000000000013 0.06754199999999998
0 0.2693359375 0.15107615959004392 0.014374999999999971 0.028142000000000014
0 0.288515625 0.4891029941434846 0.05125000000000002 0.091932
0 0.307578125 0.38628170571010245 0.03562500000000002 0.062851
0 0.2984375 0.20852667496339677 0.016874999999999973 0.03846200000000003
0 0.322421875 0.2805753191800879 0.028124999999999956 0.055346999999999986
0 0.3219921875 0.22248441727672036 0.021874999999999978 0.03470899999999998
0 0.345546875 0.5167188653001463 0.027500000000000024 0.09005700000000011
0 0.3434375 0.20559841727672035 0.016874999999999973 0.032833000000000036
0 0.3430078125 0.2874399326500732 0.010624999999999996 0.04408999999999997
0 0.3703125 0.24312241727672032 0.015625 0.032833000000000036
0 0.3871484375 0.29206083455344073 0.030625000000000013 0.06566599999999995
0 0.383984375 0.1533640307467057 0.012500000000000011 0.02439000000000003
0 0.4087890625 0.18349728843338214 0.01874999999999999 0.030956000000000004
0 0.4118359375 0.2304012884333821 0.014999999999999958 0.031895000000000055
0 0.4260546875 0.36305722108345534 0.03875000000000001 0.075047
0 0.436875 0.2922451903367496 0.03312499999999996 0.05065600000000001
0 0.4653125 0.28075967496339677 0.016249999999999987 0.04033799999999998
0 0.4954296875 0.49033860761347 0.03750000000000003 0.082552
0 0.497890625 0.2845116749633968 0.02062500000000006 0.03846199999999995
0 0.5134375 0.24605067496339675 0.015625 0.03846100000000006
0 0.5365625 0.29460315959004396 0.016874999999999973 0.028141999999999973
0 0.5483203125 0.4082254172767203 0.02562500000000001 0.034709000000000025
0 0.5556640625 0.21603167496339679 0.018124999999999947 0.04033800000000002
0 0.5644140625 0.3489420614934114 0.018124999999999947 0.047841999999999996
0 0.58 0.40193109224011714 0.03312500000000007 0.07129400000000001
0 0.574609375 0.21925854612005857 0.011874999999999969 0.03658499999999998
0 0.5878125 0.2998192884333822 0.015625 0.030956999999999957
0 0.610625 0.6312801229868228 0.03312500000000007 0.09380800000000004
0 0.6069140625 0.4211750614934114 0.018124999999999947 0.047841999999999996
0 0.6193359375 0.24072028843338214 0.014374999999999916 0.030957
0 0.6457421875 0.2717905461200586 0.021874999999999978 0.036586000000000035
0 0.6558203125 0.35937531918008786 0.026875000000000093 0.05347099999999999
0 0.6715625 0.3735164172767204 0.016875000000000084 0.03283299999999995
0 0.6968359375 0.5495528653001464 0.04625000000000001 0.08818000000000002
0 0.6896484375 0.4170101903367496 0.02937499999999993 0.05159500000000004
0 0.7216015625 0.971007319180088 0.06625000000000003 0.054408999999999964
0 0.7009375 0.26803854612005856 0.015625 0.035647000000000005
0 0.7171875 0.3069124172767204 0.016874999999999973 0.0347089999999999
0 0.785078125 0.907647411420205 0.06812499999999999 0.12476500000000008
0 0.7651171875 0.36061093265007316 0.02312499999999995 0.04596600000000004
0 0.7837890625 0.3181694172767203 0.018124999999999947 0.03470899999999998
0 0.831640625 0.5913539941434846 0.05125000000000002 0.09193300000000006
0 0.818984375 0.3416214172767203 0.013125000000000053 0.032833000000000036
0 0.8694140625 0.34889790190336745 0.018125000000000058 0.021576000000000057
0 0.934921875 0.4452232884333821 0.02749999999999997 0.0318950000000001
