0 0.1603515625 0.3781286017569546 0.09749999999999999 0.17448400000000006
0 0.260859375 0.4671582825768668 0.04375000000000001 0.12101399999999998
0 0.360703125 0.6150604480234261 0.03562499999999996 0.056285
0 0.4276953125 0.6033474172767204 0.02562500000000001 0.034709000000000025
0 0.4430078125 0.28334615959004394 0.010000000000000009 0.029081000000000006
0 0.5123828125000001 0.5680863499267934 0.04250000000000004 0.07692300000000009
0 0.6090234375 0.5996385768667644 0.030625000000000013 0.060037999999999876
0 0.6730859375 0.6257471595900439 0.015000000000000013 0.027205000000000052
0 0.7865625 0.20331054612005858 0.016874999999999973 0.03658500000000002
0 0.8590234375 0.5191920922401171 0.02937500000000004 0.07316999999999996
0 0.9524609375 0.5348414787701318 0.0462499999999999 0.08067500000000007
