0 0.0615625 0.5672885461200585 0.015625000000000007 0.036585000000000145
0 0.1053125 0.5462386749633968 0.0175 0.04033699999999997
0 0.1503125 0.5485265461200586 0.016250000000000014 0.03658499999999998
0 0.353203125 0.22574673060029285 0.06812499999999999 0.17636000000000002
0 0.494453125 0.2750086998535871 0.06750000000000006 0.153846
0 0.63046875 0.3327146691068814 0.05625000000000002 0.12945599999999993
0 0.7364453125 0.29590115373352854 0.05812499999999998 0.11913699999999998
0 0.8270703125 0.5440640614934115 0.02562500000000001 0.04784199999999991
0 0.865390625 0.5419595461200585 0.020625000000000004 0.03658600000000012
0 0.8957421875 0.5407239326500731 0.021874999999999978 0.04596600000000004
0 0.92359375 0.5684540614934114 0.024375000000000036 0.04690400000000002
0 0.938515625 0.5321666749633968 0.020625000000000004 0.03846199999999999
0 0.97109375 0.5060149326500731 0.024375000000000036 0.04596599999999996
