0 0.0078125 0.5127393499267936 0.016875 0.07692299999999992
0 0.043671875 0.5105205768667643 0.028125000000000004 0.059099999999999986
0 0.1053125 0.4720154172767204 0.016875 0.032832999999999994
0 0.123984375 0.4721997730600292 0.01187500000000001 0.019699000000000133
0 0.1423828125 0.3992562884333821 0.011249999999999982 0.03095700000000004
0 0.1987890625 0.4653351595900439 0.019375000000000003 0.029080000000000033
0 0.2155078125 0.46615890190336756 0.011249999999999982 0.022513999999999867
0 0.237109375 0.4549019019033675 0.012499999999999983 0.020638
0 0.254609375 0.44188215959004395 0.013125000000000026 0.029080999999999923
0 0.355859375 0.4701394172767203 0.013124999999999998 0.03470900000000011
0 0.363515625 0.7498208960468522 0.020625000000000004 0.11350799999999998
0 0.3817578125 0.4694990307467056 0.010624999999999996 0.025328000000000128
0 0.3961328125 0.46826341727672033 0.011250000000000038 0.032832999999999994
0 0.41703125 0.4619940307467058 0.00874999999999998 0.024390999999999958
0 0.426328125 0.4567779019033675 0.0050000000000000044 0.022514000000000034
0 0.4411328125 0.44792303074670575 0.011249999999999982 0.02532799999999996
0 0.4529296875 0.4400061595900439 0.006249999999999978 0.02720499999999997
0 0.629140625 0.3699919326500732 0.020000000000000018 0.045966
