0 0.018125 0.14354522108345535 0.031875 0.075047
0 0.0778515625 0.08204309224011713 0.034375 0.071295
0 0.1271875 0.31935315373352857 0.0475 0.1172609999999999
0 0.1399609375 0.17866609224011712 0.04625000000000001 0.07317100000000004
0 0.1903125 0.3143827613469985 0.079375 0.19981200000000002
0 0.20390625 0.03948731918008785 0.03937499999999999 0.05534699999999999
0 0.330078125 0.3097446383601757 0.03687499999999999 0.106003
0 0.3448046875 0.1241428345534407 0.03750000000000003 0.06660499999999998
0 0.374765625 0.2900446383601757 0.05249999999999999 0.106004
0 0.4070703125 0.07138231918008785 0.026875000000000038 0.054409
0 0.4170703125 0.17637822108345536 0.02562500000000001 0.07504699999999996
0 0.450390625 0.20058386530014644 0.05125000000000002 0.08911899999999999
0 0.5299609375000001 0.44736324597364563 0.07749999999999996 0.187617
0 0.5038671875 0.24538434992679356 0.021875000000000033 0.076923
0 0.561796875 0.1736774787701318 0.028125000000000067 0.08067599999999996
0 0.6786328125 0.25709738067349924 0.04250000000000009 0.10131300000000003
0 0.6926953125 0.05097283455344071 0.026874999999999982 0.064728
0 0.713203125 0.32850563836017566 0.0668749999999999 0.10788
0 0.7909375 0.3572189267935578 0.078125 0.13602199999999992
0 0.797421875 0.09483431918008785 0.028125000000000067 0.05347100000000001
0 0.8229296875 0.16443667496339678 0.03750000000000009 0.04033800000000002
0 0.857578125 0.07870296339677892 0.036250000000000004 0.06941900000000002
0 0.8672265625 0.15292622108345533 0.034375000000000044 0.07504700000000003
0 0.93046875 0.4261808960468521 0.05500000000000005 0.11163200000000004
0 0.920234375 0.07367019033674964 0.013124999999999942 0.050656999999999994
0 0.962890625 0.21529525183016102 0.05249999999999999 0.09943800000000003
