0 0.098984375 0.38695190040376853 0.04375 0.05598700000000001
0 0.1520703125 0.4008944253028264 0.02687500000000001 0.040483000000000074
0 0.2741796875 0.3963191103633917 0.03750000000000003 0.04909600000000004
0 0.4153125 0.47986975100942125 0.07937500000000003 0.1360899999999999
0 0.524375 0.4244213808882907 0.06250000000000006 0.11972500000000005
0 0.5740625 0.3531469609690444 0.07937499999999997 0.13006100000000004
0 0.667421875 0.3600353203230148 0.028124999999999956 0.043928000000000016
0 0.691484375 0.354813265141319 0.013124999999999942 0.019809999999999956
0 0.7108984375 0.3966411601615074 0.02937499999999993 0.023255999999999978
0 0.7421875 0.38958963526244955 0.016874999999999973 0.03703699999999998
0 0.778828125 0.38668358546433385 0.036250000000000004 0.06373799999999989
