0 0.01171875 0.6357295000000001 0.025 0.07833300000000006
0 0.0662890625 0.433958 0.018749999999999996 0.031667000000000035
0 0.117265625 0.43968783333333333 0.020000000000000004 0.028333000000000014
0 0.2298828125 0.5241145833333333 0.009999999999999981 0.018333000000000006
0 0.3193359375 0.5304166666666666 0.013749999999999984 0.0233329999999999
0 0.3373828125 0.5263538333333334 0.010000000000000009 0.026666999999999996
0 0.3768359375 0.5280208333333333 0.013749999999999984 0.02833299999999994
0 0.3955859375 0.5420836666666666 0.01375000000000004 0.021666000000000036
0 0.4380859375 0.5237496666666667 0.013749999999999984 0.023333999999999966
0 0.4780078125 0.6455211666666666 0.04125000000000001 0.06833300000000005
0 0.5018359375 0.5304166666666666 0.015000000000000013 0.02166700000000003
0 0.532109375 0.5224475833333334 0.012499999999999956 0.019999999999999945
0 0.553671875 0.5191663333333333 0.028749999999999942 0.041667000000000044
0 0.6111328125 0.5294795 0.010000000000000009 0.01666599999999992
0 0.659609375 0.5415104166666667 0.012499999999999956 0.01500000000000005
0 0.6836328125 0.5496878333333334 0.010000000000000009 0.02833299999999994
0 0.7068359375 0.5254166666666666 0.015000000000000013 0.02166700000000003
0 0.7330859375 0.5661455 0.01375000000000004 0.016666999999999987
0 0.736015625 0.4974475833333334 0.020000000000000018 0.020000000000000018
0 0.792265625 0.5413538333333333 0.020000000000000018 0.02833400000000008
0 0.8028515625 0.9754684166666667 0.03500000000000003 0.04499999999999993
0 0.847109375 0.5174475833333334 0.012499999999999956 0.01999999999999987
0 0.8966796875 0.7696875 0.06999999999999995 0.10999999999999988
0 0.8786328125 0.5220836666666666 0.011249999999999982 0.021666000000000036
0 0.8890625 0.5361454999999999 0.01750000000000007 0.016667000000000137
0 0.904609375 0.5404166666666667 0.012499999999999956 0.021666999999999954
0 0.908359375 0.6138541666666666 0.012500000000000067 0.06833300000000013
0 0.9365625 0.5043229166666666 0.01750000000000007 0.030000000000000027
0 0.981875 0.56401075 0.03249999999999997 0.05666600000000003
