0 0.009765625 0.11194783455344072 0.02 0.065666
0 0.0597265625 0.38868383455344063 0.03375 0.06566600000000003
0 0.06125 0.1828309633967789 0.03125 0.069418
0 0.121875 0.3017394480234261 0.031875 0.05816199999999997
0 0.13035156250000002 0.5277483499267936 0.034375 0.07879899999999995
0 0.140078125 0.08087757686676428 0.036250000000000004 0.06097500000000001
0 0.4985546875 0.4868842210834554 0.03875000000000006 0.07598499999999994
0 0.6202734375 0.06909444802342606 0.02937500000000004 0.058161
0 0.77671875 0.13956470571010252 0.023749999999999938 0.06378999999999997
0 0.9195703125 0.15821244802342607 0.02562500000000001 0.057223
