0 0.09609375 0.17953125 0.024374999999999994 0.03916700000000003
0 0.1548046875 0.27640658333333334 0.03749999999999998 0.05166599999999999
0 0.1532421875 0.1815621666666667 0.021875000000000006 0.03749999999999996
0 0.205625 0.2572399166666666 0.0325 0.09250000000000003
0 0.290859375 0.23921875 0.013124999999999998 0.025832999999999957
0 0.3194140625 0.2043229166666667 0.01937500000000003 0.02916699999999998
0 0.35734375 0.30083333333333334 0.024999999999999967 0.043332999999999955
0 0.3580859375 0.23682291666666666 0.013749999999999984 0.03083299999999996
0 0.3784375 0.20718783333333335 0.017500000000000016 0.02749999999999997
0 0.4523046875 0.3120315833333333 0.03874999999999995 0.08250000000000006
0 0.5662890625 0.257292 0.018125000000000058 0.03333300000000002
0 0.5756640625 0.3073961666666667 0.018124999999999947 0.03749999999999994
0 0.6350390625 0.22536425000000002 0.01937500000000003 0.03916699999999999
0 0.6389453125 0.302917 0.02562500000000001 0.06250000000000004
0 0.7112890625 0.23182291666666666 0.01937500000000003 0.029167000000000016
0 0.7376171875 0.32645799999999997 0.021874999999999978 0.033333999999999975
0 0.7994921875 0.25942708333333336 0.023125000000000062 0.03416699999999998
0 0.8289453125 0.3341663333333333 0.026874999999999982 0.04166700000000001
0 0.8714453125 0.3200003333333334 0.02562500000000001 0.04333299999999999
0 0.8970703125 0.23369825 0.02562500000000001 0.04166599999999998
0 0.9440625 0.2728121666666667 0.10999999999999999 0.224167
0 0.926171875 0.3710934166666666 0.02749999999999997 0.075834
