0 0.0459375 0.3112723450292398 0.078125 0.16666599999999998
0 0.102421875 0.33147752046783624 0.05937500000000001 0.120786
0 0.2061328125 0.44252221637426903 0.10374999999999998 0.19756600000000005
0 0.240625 0.2935474269005848 0.095 0.146068
0 0.3228515625 0.3395757777777778 0.034999999999999976 0.05805200000000001
0 0.352578125 0.38879076608187135 0.03562499999999996 0.05992499999999999
0 0.3696875 0.32687778947368423 0.016249999999999987 0.05524300000000005
0 0.40921875 0.31826973099415207 0.02437499999999998 0.06741599999999998
0 0.4171484375 0.3825806959064328 0.029374999999999984 0.07865199999999996
0 0.484375 0.23743384210526314 0.12687499999999996 0.290262
0 0.577890625 0.37233059064327484 0.05249999999999999 0.103933
0 0.6317578125 0.40007566081871343 0.04125000000000001 0.08520600000000003
0 0.74453125 0.37936101754385965 0.10250000000000004 0.247191
0 0.8440234375 0.33527141520467835 0.06187500000000001 0.14794
0 0.9136328125 0.3571358245614035 0.04125000000000001 0.04588000000000001
0 0.9516796875 0.4760663450292397 0.06937499999999996 0.16385700000000003
