0 0.10076856249999999 0.301917 0.033333 0.06400000000000002
0 0.14338575 0.5541045 0.024999999999999994 0.04800000000000004
0 0.1632421875 0.3247705 0.023332999999999993 0.048
0 0.1691015625 0.528125 0.035 0.057332999999999947
0 0.1824609375 0.679708 0.046667000000000014 0.070667
0 0.2104560625 0.3478545 0.01916599999999999 0.034666000000000044
0 0.243125 0.344125 0.0325 0.057332999999999947
0 0.279504875 0.48747949999999995 0.027500000000000024 0.06666600000000011
0 0.2882421875 0.3256455 0.023332999999999993 0.041334000000000024
0 0.302292 0.613458 0.03250000000000003 0.057333999999999996
0 0.32990918750000003 0.321 0.023332999999999993 0.05066700000000002
0 0.358411125 0.47322949999999997 0.036667000000000005 0.05599999999999996
0 0.3649091875 0.3132295 0.023332999999999993 0.05600000000000001
0 0.38938768749999997 0.5043955 0.03750000000000003 0.078667
0 0.39838575 0.3385625 0.02416600000000002 0.05599999999999996
0 0.46171875 0.330333 0.024166999999999994 0.050666999999999976
0 0.4838154375 0.5099579999999999 0.030833 0.08399999999999999
0 0.5279560625 0.37608300000000006 0.018332999999999933 0.039999999999999945
0 0.587004875 0.3354375 0.02833399999999997 0.04933300000000003
0 0.5971484375 0.4866045 0.030833 0.07466599999999994
0 0.650598625 0.329 0.02083400000000002 0.051999999999999956
0 0.696171875 0.325458 0.029167000000000054 0.058666999999999934
0 0.72619825 0.48618750000000005 0.039999999999999925 0.08533299999999988
0 0.747838875 0.3167705 0.02833299999999994 0.04933399999999999
0 0.8007685625000001 0.29304199999999997 0.03499999999999992 0.06933300000000005
0 0.86536425 0.2781875 0.03916700000000006 0.08666700000000001
