0 0.04625 0.630139 0.03125 0.06444399999999995
0 0.076796875 0.54125 0.028124999999999997 0.06444399999999995
0 0.0927734375 0.46111077777777776 0.029375 0.058889000000000045
0 0.1295703125 0.4790972222222223 0.02562499999999998 0.0411109999999999
0 0.176640625 0.5027086666666667 0.020625000000000004 0.054443999999999965
0 0.2427734375 0.5093746666666666 0.029375000000000012 0.052222999999999985
0 0.2381640625 0.4606941111111111 0.018125000000000002 0.036667000000000054
0 0.2790234375 0.6063893333333334 0.029374999999999984 0.04333299999999992
0 0.35546875 0.7822917777777778 0.05625000000000002 0.088889
0 0.3396875 0.4845140000000001 0.01687500000000003 0.03444399999999989
0 0.4429296875 0.6170834444444444 0.03812500000000002 0.07777799999999996
0 0.48859375 0.5650698888888889 0.02437499999999998 0.06111100000000006
0 0.5387109375 0.6393754444444446 0.04625000000000001 0.10777699999999986
0 0.5626953125 0.5784028888888889 0.02562500000000001 0.06222199999999992
0 0.5693359375 0.435625 0.014375000000000027 0.03444399999999995
0 0.5984765625 0.6086803333333334 0.03437499999999993 0.07444499999999997
0 0.5962109375 0.509444888888889 0.014375000000000027 0.029999999999999954
0 0.601484375 0.4542365555555556 0.013125000000000053 0.017777000000000005
0 0.6154296875 0.5032637777777778 0.007499999999999951 0.02444500000000005
0 0.649140625 0.48291711111111113 0.020625000000000004 0.03666600000000001
0 0.6851171875 0.5843055555555556 0.022500000000000075 0.05111099999999988
0 0.7575 0.603472 0.0318750000000001 0.06333400000000003
0 0.7700390625 0.544514 0.018125000000000058 0.03444399999999989
0 0.8168359375 0.47611088888888886 0.014999999999999902 0.03000000000000005
0 0.84859375 0.5415976666666666 0.024374999999999925 0.055554999999999924
0 0.876875 0.5801390000000001 0.03187499999999999 0.06444399999999995
0 0.893984375 0.5054857777777778 0.012499999999999956 0.026666999999999972
0 0.900234375 0.44833288888888884 0.012499999999999956 0.02888900000000009
0 0.9138671875 0.5240281111111111 0.023125000000000062 0.036665999999999914
0 0.960859375 0.9288193333333334 0.07562500000000005 0.13666699999999998
0 0.9304296875 0.4388197777777778 0.007500000000000062 0.027776999999999892
0 0.9816015625 0.5272224444444444 0.034375000000000044 0.13888900000000012
