0 0.1950390625 0.09546841666666668 0.018125000000000002 0.04583399999999999
0 0.2593359375 0.06609408333333333 0.013749999999999984 0.035833000000000004
0 0.3368359375 0.08088574999999999 0.013749999999999984 0.025833000000000012
0 0.3984375 0.05098991666666666 0.015625 0.03083300000000001
0 0.4687890625 0.04968783333333333 0.019374999999999976 0.027500000000000007
0 0.4715625 0.040625 0.015625 0.0325
0 0.5534375 0.057292 0.015625 0.033332999999999995
0 0.5523828125 0.05192708333333334 0.010624999999999996 0.034166999999999996
0 0.597734375 0.05265591666666666 0.011874999999999969 0.02916700000000001
0 0.662109375 0.047655916666666666 0.013125000000000053 0.030834
0 0.7112890625 0.04338575 0.018124999999999947 0.025833000000000005
0 0.81921875 0.16682291666666668 0.024375000000000036 0.02916699999999998
0 0.8550390625 0.15656216666666664 0.018125000000000058 0.0375
0 0.877734375 0.03088575 0.013125000000000053 0.025833000000000005
0 0.8937890625 0.202292 0.018124999999999947 0.03250000000000001
0 0.9108203125 0.134792 0.026875000000000093 0.03166599999999999
0 0.9690625 0.030155916666666668 0.015625 0.029167000000000002
0 0.9930078125 0.134792 0.011249999999999982 0.033333
