0 0.0950390625 0.58401075 0.019375000000000003 0.05666600000000003
0 0.1369921875 0.6720830000000001 0.023125000000000007 0.06250000000000007
0 0.17765625 0.44624966666666666 0.009375000000000022 0.02083400000000002
0 0.191171875 0.5230725833333333 0.027499999999999997 0.04999999999999997
0 0.2523828125 0.4351559166666667 0.011249999999999982 0.030833999999999955
0 0.3099609375 0.5357291666666666 0.01375000000000004 0.03750000000000009
0 0.3248828125 0.4312496666666667 0.010000000000000009 0.022499999999999964
0 0.3318359375 0.5282291666666666 0.014374999999999971 0.036667000000000005
0 0.43234375 0.6220836666666666 0.02437499999999998 0.022500000000000037
0 0.4926953125 0.557083 0.02562500000000001 0.063334
0 0.5019921875 0.4659899166666666 0.02250000000000002 0.030833000000000037
0 0.58765625 0.5978645833333333 0.03937500000000005 0.08166700000000009
0 0.57828125 0.41911458333333335 0.008750000000000036 0.019167000000000007
0 0.6301171875 0.6329163333333333 0.02312499999999995 0.106667
0 0.644609375 0.41244758333333337 0.011874999999999969 0.019167000000000007
0 0.8874609375 0.4169270833333334 0.015000000000000013 0.03416699999999998
0 0.940234375 0.40635383333333336 0.013125000000000053 0.027500000000000007
