0 0.0710546875 0.4832815833333333 0.006249999999999992 0.020832999999999952
0 0.099609375 0.4879166666666666 0.013124999999999998 0.022500000000000037
0 0.165234375 0.4732815833333333 0.011875000000000024 0.020000000000000018
0 0.33265625 0.4871878333333333 0.008124999999999993 0.027500000000000007
0 0.3955078125 0.4866145833333333 0.010624999999999996 0.019167000000000083
0 0.465234375 0.49161458333333335 0.013124999999999998 0.02083300000000003
0 0.5039843749999999 0.5465104166666667 0.013124999999999998 0.013332999999999965
0 0.5069140624999999 0.7316145833333333 0.019374999999999976 0.018333000000000006
0 0.52890625 0.5665104166666667 0.009375000000000022 0.014166999999999893
0 0.557109375 0.4862496666666667 0.012499999999999956 0.02083400000000002
0 0.579609375 0.5740104166666667 0.013125000000000053 0.014999999999999977
0 0.605859375 0.6932815833333333 0.011874999999999969 0.020832999999999952
0 0.615234375 0.5011454999999999 0.012499999999999956 0.01666700000000006
0 0.725859375 0.68088575 0.01187500000000008 0.025832999999999995
0 0.7705078125 0.6434899166666667 0.011249999999999982 0.029165999999999952
0 0.8234375 0.5926045 0.016874999999999973 0.048333000000000036
0 0.89984375 0.5972395833333334 0.024374999999999925 0.050000000000000044
