0 0.09296875 0.6375003333333332 0.024999999999999994 0.04250000000000013
0 0.1497265625 0.5678128333333333 0.03375 0.058333000000000045
0 0.1601953125 0.6458333333333334 0.02562500000000001 0.041667000000000044
0 0.19125 0.6532809166666667 0.03125 0.05999999999999991
0 0.2201171875 0.6458333333333334 0.021875000000000006 0.04333299999999992
0 0.2613671875 0.6514065833333333 0.023125000000000007 0.05166599999999999
0 0.3176953125 0.56651075 0.02562500000000001 0.05666600000000003
0 0.384296875 0.5930725833333333 0.027500000000000024 0.050000000000000044
0 0.5380859375 0.75255175 0.015000000000000013 0.025833999999999985
0 0.64625 0.3525524166666667 0.06437499999999996 0.10916599999999994
