0 0.0166015625 0.07867702489019034 0.03375 0.11538500000000002
0 0.0283203125 0.33687854026354325 0.056875 0.12851799999999997
0 0.2085546875 0.3610851844802343 0.06937499999999999 0.142589
0 0.2340234375 0.10956392679355782 0.06062500000000004 0.135084
0 0.36078125 0.3499414421669107 0.07187500000000002 0.14821799999999993
0 0.4108984375 0.0424597364568082 0.060624999999999984 0.085366
0 0.5705078125 0.3751120248901903 0.073125 0.11538500000000003
0 0.5786328125 0.12427531332357249 0.073125 0.14446499999999998
0 0.611875 0.03953147877013177 0.0631250000000001 0.079737
0 0.8185546875 0.13894254026354316 0.06937499999999996 0.128518
0 0.9617578125 0.09377434407027818 0.07374999999999998 0.16697900000000002
