0 0.10445312500000001 0.24848958333333335 0.09937499999999999 0.11416700000000002
0 0.1848828125 0.13546875 0.04125000000000001 0.088333
0 0.2253125 0.3098961666666667 0.11124999999999999 0.16166599999999998
0 0.3075 0.27375 0.03250000000000003 0.06416700000000002
0 0.35 0.21656216666666664 0.03125 0.03750000000000001
0 0.391171875 0.24119824999999998 0.02812500000000001 0.04166599999999998
0 0.4293359375 0.22489616666666667 0.014375000000000027 0.03749999999999998
0 0.4353125 0.3157809166666667 0.01687500000000003 0.06166699999999999
0 0.4430078125 0.23083333333333333 0.011250000000000038 0.04166700000000001
0 0.4774609375 0.35895866666666665 0.07624999999999998 0.11666599999999998
0 0.4762890625 0.21395799999999998 0.018124999999999947 0.03250000000000001
0 0.545859375 0.21671875 0.011874999999999969 0.025832999999999995
0 0.5564453125 0.25276008333333333 0.026249999999999996 0.035834
0 0.559375 0.3113024166666667 0.032500000000000084 0.045000000000000005
0 0.6069140625 0.21614616666666667 0.05062500000000003 0.09999999999999998
0 0.65625 0.24651041666666665 0.0625 0.13916700000000004
0 0.771171875 0.22177116666666666 0.09000000000000008 0.13083299999999998
0 0.8477734375 0.1957295 0.030000000000000027 0.079166
0 0.898671875 0.22546841666666664 0.028124999999999956 0.046667000000000014
0 0.9576171875 0.18359408333333335 0.02312499999999995 0.034999999999999996
0 0.978828125 0.19500033333333336 0.036250000000000004 0.04249999999999998
0 0.9757421875 0.25255208333333334 0.021874999999999978 0.06749999999999996
