0 0.09703125 0.7554057364568081 0.039999999999999994 0.08536499999999995
0 0.145078125 0.6465435768667642 0.036250000000000004 0.059099000000000096
0 0.23328125 0.7504612825768666 0.07187500000000002 0.12288900000000005
0 0.5045703125000001 0.5535765402635431 0.05749999999999994 0.126642
0 0.647734375 0.9588564787701317 0.04312500000000008 0.07973700000000018
0 0.6801171875 0.9719453191800879 0.021874999999999978 0.053471000000000074
0 0.7085546875 0.9264353499267937 0.03750000000000009 0.076923
0 0.72125 0.8268840922401172 0.0318750000000001 0.07317099999999993
0 0.752421875 0.7374233191800879 0.028124999999999956 0.054408999999999964
0 0.7617578125 0.9818082884333822 0.04249999999999998 0.0318950000000001
0 0.758515625 0.8168627057101026 0.020625000000000004 0.061913999999999914
0 0.796875 0.892961963396779 0.03312499999999996 0.06754199999999994
0 0.816875 0.7905967057101025 0.03125 0.06285199999999998
0 0.8641015625 0.9205788345534408 0.03499999999999992 0.06566599999999999
0 0.876796875 0.7951734480234262 0.028124999999999956 0.05722299999999998
0 0.938203125 0.9241033191800878 0.036250000000000004 0.054408999999999964
