0 0.025390625 0.22298460761347003 0.051875 0.08442800000000002
0 0.0658203125 0.15059419033674964 0.025625000000000002 0.050655999999999986
0 0.0868359375 0.16132506149341141 0.015 0.04971800000000001
0 0.2966796875 0.21213947877013173 0.03875000000000001 0.08067500000000001
0 0.444375 0.4387618286969253 0.09499999999999997 0.15759899999999996
0 0.6283984375 0.16001834992679356 0.030000000000000027 0.07692299999999998
0 0.6642578125 0.14249296339677894 0.041874999999999996 0.06754199999999998
0 0.6926953125 0.3701675710102489 0.0881249999999999 0.15009399999999998
0 0.7851171875 0.1433167057101025 0.02312499999999995 0.061914
0 0.9443359375 0.4481610497803807 0.10875000000000001 0.22889300000000004
