0 0.0638671875 0.6467705 0.023125 0.04833399999999995
0 0.131015625 0.6447395833333333 0.02124999999999999 0.05000000000000012
0 0.1815234375 0.6358333333333334 0.030625000000000013 0.04249999999999998
0 0.2626171875 0.6322395833333334 0.023125000000000007 0.0499999999999999
0 0.28296875 0.6194270833333334 0.024375000000000036 0.03499999999999992
0 0.4769921875 0.33822916666666664 0.023125000000000007 0.036667000000000005
0 0.711171875 0.4467705 0.028749999999999942 0.04833399999999995
0 0.8583984375 0.5985940833333334 0.02937500000000004 0.034999999999999844
0 0.8863671875 0.5935940833333334 0.022499999999999964 0.03499999999999992
0 0.934375 0.5915621666666667 0.0318750000000001 0.038333999999999945
0 0.9812890625 0.5988024166666667 0.01937499999999992 0.04499999999999993
