0 0.0139453125 0.38231832750397454 0.026875 0.06714099999999994
0 0.0515234375 0.3227425023847377 0.029375000000000005 0.06612399999999999
0 0.074765625 0.42720697774244826 0.020625000000000004 0.07528000000000011
0 0.1070703125 0.35440615262321146 0.025624999999999995 0.07121099999999995
0 0.12699218750000002 0.3188623767885533 0.023124999999999993 0.04984800000000003
0 0.1671484375 0.40323615262321144 0.029375000000000012 0.07222800000000004
0 0.237890625 0.311869027027027 0.02125000000000002 0.05595099999999998
0 0.319765625 0.3521168521462639 0.020625000000000004 0.059003
0 0.3373046875 0.33761855166931637 0.006250000000000033 0.04577800000000001
0 0.386171875 0.3134588521462639 0.02812500000000001 0.06002100000000004
0 0.440625 0.33583985214626394 0.03250000000000003 0.05798600000000001
0 0.7711328125 0.12252957869634341 0.04125000000000001 0.100712
