0 0.13671887500000002 0.48467181021897804 0.027343999999999993 0.04671500000000008
0 0.1591800625 0.47883166423357665 0.019530999999999993 0.048176000000000094
0 0.2158205 0.535766810218978 0.016601000000000005 0.046715
0 0.29785168749999996 0.575182204379562 0.03906200000000004 0.075913
0 0.315429625 0.4262773941605839 0.02050799999999997 0.035036000000000095
0 0.32226550000000004 0.3489053941605839 0.017577999999999983 0.03503600000000001
0 0.3574215 0.4335762481751825 0.015625 0.03503699999999997
0 0.44140675 0.48467181021897804 0.024414000000000047 0.04671500000000008
0 0.504883 0.7883212408759124 0.09375 0.17664200000000002
0 0.5488278750000001 0.5036499343065695 0.02832099999999993 0.06423299999999987
0 0.5781251875 0.43211639416058395 0.02343700000000004 0.03357700000000009
0 0.8203120625 0.4496352481751825 0.01757900000000001 0.03649599999999997
0 0.868163625 0.4204382481751825 0.019531999999999883 0.03649599999999997
0 0.8896481875 0.5416054525547446 0.053711000000000064 0.110949
