0 0.1527734375 0.17635228257686675 0.06187500000000001 0.12101300000000004
0 0.2637890625 0.32392989604685213 0.04999999999999999 0.11163200000000004
0 0.271171875 0.18790689604685215 0.05874999999999997 0.11350899999999997
0 0.359765625 0.5317460863836018 0.083125 0.16322800000000012
0 0.3424609375 0.28759834992679356 0.044999999999999984 0.078799
0 0.352109375 0.20376657686676428 0.044375 0.05909899999999997
0 0.3743359375 0.12789583455344072 0.04625000000000001 0.064728
0 0.4168359375 0.29510334992679355 0.04625000000000001 0.078799
0 0.48578125 0.4244623133235725 0.07187499999999997 0.14634200000000003
0 0.4809375 0.20456438067349925 0.046875 0.10037500000000003
0 0.5223828125 0.20474873645680822 0.04125000000000001 0.087242
0 0.5387109375 0.3237714787701318 0.04625000000000001 0.08067599999999996
0 0.588828125 0.25874586530014637 0.03687499999999999 0.08818000000000002
0 0.6266796875 0.23213709224011714 0.03749999999999998 0.07317100000000001
0 0.706640625 0.3089198960468521 0.05249999999999999 0.11163299999999995
0 0.755 0.5958606383601758 0.03187499999999999 0.10600399999999992
0 0.7675 0.350520448023426 0.03187499999999999 0.057223000000000065
0 0.8467578125 0.31679260761346995 0.04249999999999998 0.08349000000000001
0 0.8597265625 0.5501221537335286 0.06562499999999993 0.1172610000000001
