0 0.05997392438070404 0.946484375 0.12093399999999997 0.10562499999999997
0 0.24119947848761408 0.842578125 0.48290200000000005 0.16062500000000002
0 0.25778252411994784 0.9250390625 0.06672199999999999 0.050000000000000044
0 0.3128285241199479 0.9822265625 0.06588799999999995 0.03375000000000006
0 0.3825223050847458 0.906171875 0.06839000000000008 0.09062500000000007
0 0.45356740026075615 0.925703125 0.055046 0.06812499999999999
0 0.5204529908735332 0.9612109375 0.084237 0.07625000000000004
0 0.5696990286831811 0.918203125 0.025855000000000062 0.036250000000000004
0 0.596963371577575 0.9041796875 0.03169300000000002 0.03749999999999998
0 0.6524306192959582 0.9013671875 0.052544000000000056 0.05312499999999998
0 0.6996064002607563 0.95546875 0.055045999999999845 0.05625000000000002
0 0.6929819335071709 0.91125 0.03836499999999991 0.03249999999999997
0 0.7325451525423728 0.8876953125 0.03419600000000003 0.02562500000000001
0 0.8534316192959582 0.966484375 0.05254399999999998 0.04437500000000005
0 0.9009135906127771 0.929921875 0.030024999999999864 0.02749999999999997
0 0.9286952477183833 0.9044140625 0.023353000000000124 0.018750000000000044
0 0.9415219335071708 0.9851953125 0.03669800000000004 0.026874999999999982
0 0.9652391525423729 0.9378515625 0.03419500000000004 0.03437499999999993
