0 0.044140625 0.5380208333333334 0.020624999999999998 0.02749999999999993
0 0.115625 0.5091663333333334 0.03187499999999999 0.04249999999999998
0 0.2031640625 0.49755175 0.019375000000000003 0.025833999999999913
0 0.2194921875 0.5183333333333333 0.023125000000000007 0.04333299999999999
0 0.3237890625 0.50203125 0.019374999999999976 0.04083300000000004
0 0.551484375 0.5203645833333334 0.04437499999999994 0.08166700000000009
0 0.6326953125 0.5269270833333334 0.026249999999999996 0.035000000000000066
0 0.7194921875 0.23322916666666668 0.023125000000000062 0.03833299999999995
0 0.8440234375 0.54151075 0.030000000000000027 0.05666600000000003
0 0.981328125 0.515417 0.03562500000000002 0.06416599999999995
