0 0.0263671875 0.6050351612903225 0.054375 0.16322700000000015
0 0.0239453125 0.21483041055718477 0.025625 0.04877999999999998
0 0.06789062500000001 0.4602621671554253 0.0525 0.07879899999999995
0 0.0879296875 0.29474844281524926 0.03874999999999999 0.08067599999999998
0 0.1038671875 0.2048025835777126 0.023125000000000007 0.03846200000000002
0 0.112109375 0.14318075659824048 0.012499999999999997 0.030018999999999987
0 0.191640625 0.20105058357771263 0.020625000000000004 0.038460999999999995
0 0.24125 0.3473999941348974 0.03312499999999999 0.086304
0 0.280546875 0.560235853372434 0.05937500000000001 0.12664100000000003
0 0.2750390625 0.21899213489736072 0.01937500000000003 0.04690399999999996
0 0.3205859375 0.2351762375366569 0.014375000000000027 0.05722299999999999
0 0.3228125 0.18539475659824045 0.016874999999999973 0.030957
0 0.3584375 0.18832730791788857 0.015625 0.03658500000000002
0 0.3696484375 0.27065061583577715 0.02937500000000004 0.07317000000000004
0 0.418515625 0.17677813489736072 0.020625000000000004 0.04690499999999998
0 0.4429296875 0.8885826744868035 0.07 0.22045000000000017
0 0.4340625 0.23951158357771263 0.016249999999999987 0.038461999999999975
0 0.4536328125 0.4454892697947214 0.04250000000000004 0.08817999999999998
0 0.4728125 0.16030285923753668 0.016874999999999973 0.042213999999999995
0 0.494140625 0.2811422375366569 0.020000000000000018 0.057224000000000046
0 0.525234375 0.13649520527859238 0.011874999999999969 0.02439099999999999
0 0.5562109375 0.14921948093841642 0.01375000000000004 0.027204000000000023
0 0.565234375 0.2677731348973607 0.012500000000000067 0.04596599999999997
0 0.579375 0.3620543401759531 0.03312500000000007 0.06941899999999997
0 0.5973828125 0.13473775659824047 0.010624999999999996 0.030957
0 0.6161328125 0.23077741055718476 0.011250000000000093 0.047841999999999996
0 0.647890625 0.30764534017595313 0.020624999999999893 0.06754199999999998
0 0.656484375 0.2104315835777126 0.013124999999999942 0.038460999999999995
0 0.6940625 0.14318075659824048 0.016874999999999973 0.030018999999999987
0 0.725234375 0.12764348093841643 0.011874999999999969 0.02907999999999998
0 0.7328125 0.17343585923753665 0.015625 0.042214000000000015
0 0.76953125 0.7418691994134898 0.07062500000000005 0.10975599999999999
0 0.7639453125 0.4861819237536657 0.026874999999999982 0.10787999999999992
0 0.7580078125 0.13098575659824047 0.011249999999999982 0.030957
0 0.7943359375 0.16487530791788854 0.01375000000000004 0.03658500000000002
0 0.8019140625 0.27029496187683283 0.018750000000000044 0.05347100000000003
0 0.8199609375 0.14464703225806452 0.015000000000000013 0.03470900000000002
0 0.8415625 0.23071392961876833 0.01749999999999996 0.02345199999999998
0 0.8746875 0.20585913489736074 0.015625 0.04409000000000001
0 0.9058203125 0.3114608211143695 0.026875000000000093 0.09662299999999999
0 0.902109375 0.17870920527859238 0.011874999999999969 0.02626699999999999
0 0.9185546875 0.14048430791788857 0.007499999999999951 0.035647999999999985
0 0.93796875 0.30014134017595306 0.024375000000000036 0.069418
0 0.933984375 0.1438265835777126 0.013125000000000053 0.03846200000000002
0 0.982265625 0.2598033401759531 0.020625000000000004 0.06941799999999995
0 0.99015625 0.11034775659824048 0.008750000000000036 0.030957
