0 0.7949541875 0.5605791874999999 0.24183 0.27287500000000003
0 0.0784825 0.37731062499999996 0.14215699999999998 0.24019600000000002
0 0.2070635625 0.3005005 0.065359 0.07843100000000003
0 0.251161375 0.39232262500000004 0.07516399999999998 0.08333399999999996
0 0.26461006249999997 0.303168625 0.050654000000000005 0.05228699999999997
0 0.34270275 0.345575875 0.055555999999999994 0.08986900000000003
0 0.5020046250000001 0.482396625 0.14542399999999994 0.14542500000000003
0 0.7831071875 0.3088169375 0.11601300000000014 0.17156900000000003
0 0.8976205 0.3159023125 0.04738600000000004 0.05718899999999999
0 0.9394086875000001 0.304445125 0.06862699999999988 0.06699300000000002
