0 0.1135546875 0.5570372863436124 0.0062500000000000056 0.011278
0 0.1210546875 0.5585057151248165 0.007499999999999993 0.01409699999999999
0 0.1324609375 0.5528657151248164 0.014375000000000027 0.013158000000000006
0 0.1755078125 0.5576825726872247 0.010624999999999996 0.017857
0 0.1879296875 0.5524551439060206 0.007500000000000007 0.01691700000000004
0 0.19890625 0.5516320014684287 0.00874999999999998 0.020677000000000056
0 0.209609375 0.5516320014684287 0.011875000000000024 0.020677000000000056
0 0.2212109375 0.5595625726872246 0.014999999999999986 0.017857
0 0.2469921875 0.512333718061674 0.023125000000000034 0.05357199999999999
0 0.301875 0.4958282892804699 0.033125000000000016 0.051691
0 0.361875 0.4773828619676946 0.033125000000000016 0.06954899999999999
0 0.358359375 0.526373859030837 0.011875000000000024 0.028194999999999956
0 0.4269140625 0.5102200029368575 0.018125000000000002 0.042293000000000094
0 0.4694921875 0.497296718061674 0.021875000000000033 0.05357100000000001
0 0.514765625 0.5110421453744494 0.020625000000000004 0.036653999999999964
0 0.536484375 0.507048430249633 0.013124999999999942 0.02349599999999996
0 0.57640625 0.4132948663729809 0.07125000000000004 0.129699
0 0.561015625 0.48084928781204106 0.020625000000000004 0.031015000000000095
0 0.76578125 0.30427072687224666 0.07062500000000005 0.17857200000000004
0 0.9626953125 0.4871345741556535 0.026875000000000093 0.040413999999999985
0 0.991484375 0.4875461453744493 0.012500000000000067 0.03665400000000005
