0 0.2060546875 0.2859685725646123 0.0062500000000000056 0.033121000000000005
0 0.319375 0.28961736381709735 0.06312499999999999 0.18980899999999998
0 0.408828125 0.15595586282306162 0.03687499999999999 0.15923600000000002
0 0.55515625 0.42410750099403577 0.009375000000000022 0.029298999999999974
0 0.5749609375 0.42752371570576536 0.01375000000000004 0.04203900000000003
0 0.5845703125 0.059332860834990064 0.02562500000000001 0.107007
0 0.58703125 0.4204406441351889 0.008750000000000036 0.0369419999999999
0 0.6153125 0.43119157256461227 0.016874999999999973 0.03439500000000003
0 0.6660546875 0.5330845069582505 0.06937500000000008 0.19617800000000007
0 0.6614453125 0.033797216699801194 0.026874999999999982 0.070064
0 0.8901171875 0.08006200198807156 0.02312499999999995 0.05732500000000001
0 0.96296875 0.45448850298210736 0.024374999999999925 0.08662399999999996
