0 0.0812109375 0.20278441727672034 0.014374999999999999 0.034709000000000004
0 0.1065625 0.26886228843338217 0.016875 0.03001899999999998
0 0.1528125 0.2677409326500732 0.015625 0.04502800000000007
0 0.2296875 0.2263948345534407 0.015625 0.06566600000000003
0 0.2696875 0.3288301903367496 0.016249999999999987 0.051594999999999995
0 0.2948828125 0.36788741727672036 0.011250000000000038 0.032832999999999994
0 0.4553515625 0.7201264480234262 0.034375000000000044 0.05816099999999979
0 0.4962890625 0.7385456749633968 0.01874999999999999 0.038461999999999906
0 0.5055859375 0.6446234172767203 0.014375000000000027 0.03470899999999994
0 0.5217578125 0.7069492884333822 0.011249999999999982 0.030956999999999874
0 0.5392578125 0.7241329019033674 0.010624999999999996 0.022514000000000034
0 0.540234375 0.6270980307467058 0.013124999999999942 0.02532799999999988
0 0.5615625 0.6252210307467057 0.016875000000000084 0.025329000000000018
0 0.588984375 0.6200049019033675 0.013124999999999942 0.020637999999999917
0 0.5978125 0.7009084172767203 0.01750000000000007 0.032832999999999994
0 0.6267578125 0.6856709019033675 0.010000000000000009 0.020637999999999917
0 0.65109375 0.7487504172767203 0.024374999999999925 0.03471000000000008
0 0.7032421875 0.6149461903367497 0.022499999999999964 0.0506569999999999
0 0.714921875 0.7340831903367497 0.028124999999999956 0.052532999999999934
0 0.7345703125 0.6670673191800878 0.02562500000000001 0.05534700000000003
0 0.8027734375 0.6500680614934115 0.030625000000000013 0.04690399999999994
0 0.831640625 0.5736270307467057 0.020000000000000018 0.02439000000000007
0 0.896640625 0.5677004172767203 0.020625000000000004 0.03470900000000011
0 0.9427734375 0.5942650307467058 0.030625000000000013 0.02532799999999988
