0 0.0511328125 0.847180319180088 0.042499999999999996 0.05534699999999986
0 0.230625 0.21314757686676425 0.033125000000000016 0.060037000000000014
0 0.24234375 0.3126728960468521 0.056249999999999994 0.111632
0 0.4218359375 0.34024560761347 0.04625000000000001 0.08255099999999999
0 0.48484375 0.9198241903367496 0.05625000000000002 0.05065700000000006
0 0.4817578125 0.2491363499267936 0.04187500000000005 0.07879999999999997
0 0.57375 0.2680827057101025 0.03125 0.06378999999999999
0 0.613046875 0.21479606149341143 0.028124999999999956 0.04971799999999999
0 0.707734375 0.4389279633967789 0.043749999999999956 0.06941900000000002
0 0.7262890625 0.2292789326500732 0.018749999999999933 0.04409000000000001
0 0.73546875 0.28380219033674964 0.024375000000000036 0.05159500000000004
0 0.8225390625 0.5233559633967789 0.050000000000000044 0.06754199999999985
0 0.8351953125 0.25138106149341144 0.026874999999999982 0.04971899999999992
0 0.9332421875 0.5955188653001464 0.053749999999999964 0.08818000000000002
0 0.9341796875 0.44538070571010246 0.03874999999999995 0.061914
