0 0.14557325 0.5151045 0.102083 0.17361099999999996
0 0.19928418750000002 0.34748308333333333 0.021875000000000006 0.034722000000000065
0 0.2734375 0.1821181666666667 0.015625 0.0375
0 0.30983106250000003 0.18932291666666665 0.017707999999999946 0.030556000000000028
0 0.4307295 0.3912324166666666 0.07916600000000001 0.13888900000000004
0 0.5040361250000001 0.3321185 0.036458999999999964 0.079166
0 0.5919921875 0.3369795 0.08437499999999998 0.141666
0 0.674088875 0.3355039166666667 0.028124999999999956 0.06111099999999999
0 0.7373046875 0.37178841666666673 0.06979199999999997 0.13888899999999996
0 0.9027998125 0.4098089166666667 0.07395800000000008 0.12361100000000007
