0 0.029609375 0.7305913333333334 0.012499999999999997 0.04170200000000005
0 0.107109375 0.7914159166666668 0.012499999999999997 0.060884000000000014
0 0.2366796875 0.57354725 0.006874999999999992 0.01000900000000001
0 0.2379296875 0.5164673333333334 0.00687500000000002 0.011676999999999863
0 0.2573046875 0.5102634166666666 0.0068749999999999645 0.014178999999999942
0 0.2616796875 0.5768832500000001 0.006250000000000033 0.008340999999999932
0 0.2690625 0.68477975 0.01687500000000003 0.02585499999999996
0 0.296328125 0.5731813333333333 0.005624999999999991 0.012511000000000013
0 0.3260546875 0.5681773333333333 0.007500000000000007 0.012511000000000013
0 0.4596875 0.6943196666666666 0.015625 0.021685000000000027
0 0.5450390625 0.6890519166666667 0.01937500000000003 0.029190999999999967
0 0.7965625 0.6844138333333333 0.015625 0.027522999999999964
0 0.8650390625 0.67477175 0.01937500000000003 0.02585399999999997
