0 0.1129296875 0.4978125 0.007499999999999993 0.017499999999999998
0 0.12390625 0.4978125 0.009374999999999994 0.015832999999999986
0 0.1385546875 0.5006774166666667 0.006874999999999992 0.013332999999999965
0 0.1504296875 0.5027083333333333 0.007500000000000007 0.01166700000000002
0 0.443828125 0.4274475833333333 0.0050000000000000044 0.018334000000000072
0 0.4789453125 0.38692675 0.05687499999999995 0.11750000000000001
0 0.5050390625000001 0.43838574999999996 0.019374999999999976 0.024165999999999983
0 0.5462890625 0.44656216666666665 0.01937500000000003 0.03750000000000001
0 0.660390625 0.3693225833333333 0.05125000000000002 0.11250000000000009
0 0.7444140625 0.4904684166666667 0.018125000000000058 0.045000000000000005
0 0.816328125 0.4279163333333333 0.0675 0.10666700000000007
