0 0.1556640625 0.33984833431085043 0.04999999999999999 0.15384599999999993
0 0.18625 0.37219971847507327 0.031875000000000014 0.08255200000000001
0 0.307734375 0.44361326979472143 0.04312499999999997 0.08911800000000002
0 0.4141015625 0.4198690967741936 0.03437499999999999 0.09943699999999991
0 0.5029296875 0.47474289149560117 0.03874999999999995 0.0750469999999999
0 0.5890234375 0.46413271847507337 0.030625000000000013 0.08255199999999997
0 0.7036328125 0.42918661583577716 0.04125000000000001 0.07129499999999996
0 0.82203125 0.45393226979472134 0.03937500000000005 0.08817999999999998
0 0.924375 0.4779760263929619 0.06437500000000007 0.11913700000000002
0 0.9894140625 0.39072561583577714 0.018750000000000044 0.07317
