0 0.07421875 0.7174234729136164 0.086914 0.172767
0 0.14746099999999998 0.5051245461200585 0.032226000000000005 0.03806700000000005
0 0.1513675625 0.7306003133235724 0.034179000000000015 0.14494900000000005
0 0.15918018750000001 0.5827232210834552 0.023436999999999986 0.07467100000000008
0 0.2695309375 0.5739382518301611 0.04687499999999997 0.09663299999999991
0 0.3613285 0.5783310922401171 0.04882799999999998 0.07320600000000003
0 0.4062499375 0.8784777920937041 0.07617199999999996 0.22401099999999996
0 0.42968768749999997 0.7994138960468521 0.039061999999999986 0.11273799999999988
0 0.43945318749999995 0.6134703499267935 0.022461000000000064 0.0775980000000001
0 0.45703131249999995 0.5534411903367497 0.025391000000000108 0.05270799999999995
0 0.5029300624999999 0.5636893191800878 0.018554000000000015 0.052709000000000006
0 0.52246075 0.5915075768667643 0.02343799999999996 0.06003000000000002
0 0.56347675 0.9224010556368962 0.08691400000000005 0.13909199999999994
0 0.5859377499999999 0.5900435461200585 0.025390000000000135 0.03660400000000003
0 0.6162114375 0.7554905402635432 0.061522999999999994 0.1273790000000001
0 0.6347655 0.6178623499267936 0.048828000000000094 0.07759899999999999
0 0.7597660625 0.7818444421669106 0.08203099999999997 0.1493410000000001
0 0.8085941875 0.6149342210834554 0.022460000000000035 0.07467000000000003
0 0.84472675 0.5856514480234262 0.024413999999999936 0.05856499999999997
0 0.8701174375 0.522694159590044 0.029296999999999906 0.02928200000000004
0 0.8994136875000001 0.9487554787701318 0.06933600000000006 0.08199099999999988
0 0.8964843124999999 0.7393846691068814 0.05761700000000003 0.128844
