0 0.1708984375 0.384816722513089 0.061522999999999994 0.11387399999999998
0 0.2373049375 0.17539241884816753 0.04589800000000002 0.094241
0 0.3515625 0.2382199162303665 0.046875 0.08115199999999995
0 0.45019487499999994 0.744764219895288 0.05859400000000009 0.09947699999999993
0 0.46875006249999995 0.3547119162303665 0.050781000000000076 0.08246099999999992
0 0.5214845 0.15968561780104712 0.04785099999999998 0.09162300000000002
0 0.57910125 0.36518341361256546 0.03906299999999996 0.07068000000000006
0 0.6591795 0.35340271727748696 0.046875 0.08638799999999991
0 0.6689453125 0.7578534188481675 0.05664099999999994 0.09424100000000003
0 0.7832031875 0.6858643141361257 0.053711000000000064 0.07329800000000011
0 0.7958980625000001 0.19764361780104714 0.04980499999999988 0.08900599999999999
0 0.7998050624999999 0.5785339162303665 0.050780999999999965 0.08246099999999984
