0 0.06812335294117647 0.6465625 0.11393600000000001 0.109375
0 0.12562623529411765 0.1598828125 0.092278 0.073125
0 0.19988647058823528 0.4900390625 0.13371 0.11312499999999998
0 0.2505534117647059 0.7866796875 0.14971800000000005 0.10062500000000008
0 0.4047470588235294 0.3305078125 0.136535 0.104375
0 0.4331751176470588 0.64984375 0.121469 0.08749999999999991
0 0.6585716470588235 0.78765625 0.13841800000000007 0.10250000000000004
0 0.6689925294117647 0.4940234375 0.12052800000000002 0.09250000000000003
0 0.6807572352941177 0.1550390625 0.14406799999999986 0.08187499999999999
0 0.889035294117647 0.646875 0.129002 0.09437499999999999
0 0.9408881764705882 0.343046875 0.10828700000000006 0.09000000000000002
