0 0.6738283749999999 0.424204219941349 0.2007810000000001 0.312207
0 0.0484375 0.4107737184750733 0.078906 0.08333400000000003
0 0.11601537499999999 0.5146316803519062 0.075 0.13614999999999994
0 0.1583979375 0.03607134017595308 0.04531299999999999 0.069249
0 0.333984625 0.03988561583577713 0.051562 0.07159599999999999
0 0.3806643125 0.5847653020527859 0.05781200000000003 0.122066
0 0.43359375 0.19538657771260998 0.055468999999999935 0.12441299999999998
0 0.476562 0.09680137243401761 0.063282 0.102113
0 0.5490239375 0.42778057771260997 0.04609300000000005 0.12558699999999998
0 0.7007815 0.054252199413489736 0.04843700000000006 0.10915499999999999
0 0.7771486875 0.19598861583577715 0.03828100000000001 0.070423
0 0.8203127499999999 0.14345030205278592 0.055468000000000184 0.12089200000000001
0 0.9605471250000001 0.5193266803519061 0.06796899999999984 0.137324
0 0.9761713750000001 0.04252199413489736 0.04375099999999987 0.085681
