0 0.049687499999999996 0.4667190833333334 0.048125 0.06583299999999996
0 0.1112109375 0.6442711666666666 0.07625000000000001 0.13249999999999998
0 0.155625 0.49651074999999995 0.03249999999999997 0.055000000000000084
0 0.2445703125 0.4561458333333333 0.026874999999999982 0.058333000000000045
0 0.2777734375 0.55078125 0.06187500000000001 0.10333299999999997
0 0.32875 0.47177050000000004 0.03125 0.04833400000000002
0 0.4558984375 0.43234375 0.02937500000000004 0.055000000000000014
0 0.5176171875 0.5719791666666666 0.05437500000000001 0.10000000000000009
0 0.5195703125 0.4463024166666667 0.026874999999999982 0.04499999999999993
0 0.6576953125 0.5594791666666666 0.05812499999999998 0.10000000000000002
0 0.7608984375 0.5595315833333334 0.06187500000000001 0.08083299999999986
0 0.82078125 0.49848925 0.040000000000000036 0.07250000000000001
