0 0.38671875 0.850345 0.775 0.2827580000000001
0 0.04265625 0.9287763076923078 0.070625 0.13596000000000003
0 0.5056640625 0.25246715384615387 0.9868750000000001 0.19014699999999998
0 0.0421875 0.3125953846153846 0.0475 0.09064100000000005
0 0.0712890625 0.8750208461538461 0.05 0.13300499999999987
0 0.12843749999999998 0.2473816923076923 0.048125000000000015 0.10738900000000001
0 0.1809375 0.2765217692307692 0.046875 0.061082999999999985
0 0.3105859375 0.3149979230769231 0.04624999999999996 0.08866999999999997
0 0.3891015625 0.7705346923076923 0.06562499999999999 0.10541800000000011
0 0.37765625 0.28815507692307696 0.03999999999999998 0.074876
0 0.3864453125 0.9325953846153846 0.05687499999999995 0.13103499999999993
0 0.4045703125 0.3140806923076923 0.026875000000000038 0.066995
0 0.4608203125 0.8541421538461539 0.05812499999999998 0.14975299999999991
0 0.458359375 0.2938763846153846 0.044375 0.09162599999999997
0 0.531328125 0.2974536153846154 0.03687499999999999 0.071921
0 0.592578125 0.278544923076923 0.03687499999999999 0.08669900000000001
0 0.670703125 0.3369835384615384 0.03562500000000002 0.07783300000000005
0 0.7233203125 0.360887 0.02562500000000001 0.040394000000000006
0 0.754140625 0.9459036923076923 0.05249999999999999 0.10541899999999994
0 0.8049609375 0.273498 0.04500000000000004 0.08275799999999996
0 0.8320703125 0.2800302307692308 0.02562500000000001 0.06305399999999999
0 0.8722265625 0.2919741538461539 0.034375000000000044 0.06995099999999997
0 0.9617578125 0.2807577692307692 0.04249999999999998 0.098522
