0 0.0862109375 0.3294516511627906 0.04625 0.08752400000000007
0 0.1892578125 0.3377176744186047 0.04249999999999998 0.08193700000000001
0 0.2718359375 0.18833316279069767 0.044999999999999984 0.08566199999999999
0 0.3509375 0.34557518604651166 0.04749999999999999 0.080075
0 0.4048828125 0.18047665116279069 0.041874999999999996 0.089385
0 0.49703125 0.34434965116279065 0.03999999999999998 0.08938500000000005
0 0.5211328125 0.18129367441860464 0.04249999999999998 0.083799
0 0.6611328125 0.3261361627906977 0.041874999999999996 0.08566100000000003
0 0.6884375 0.17127862790697676 0.046875 0.09590299999999997
0 0.8084375 0.3435316279069767 0.04874999999999996 0.09497299999999995
0 0.8437109375 0.15265662790697673 0.04625000000000001 0.09497200000000003
