0 0.011640625 0.5380932884333821 0.021249999999999998 0.030019000000000063
0 0.0169140625 0.26886228843338217 0.018125 0.03189499999999997
0 0.0283203125 0.4331415461200586 0.025625000000000002 0.03658599999999995
0 0.0311328125 0.23310103074670568 0.01125 0.026267000000000037
0 0.044609375 0.11895264421669105 0.013124999999999998 0.016886000000000012
0 0.0475390625 0.3787325461200586 0.019375000000000003 0.03658599999999995
0 0.0596875 0.3373432884333821 0.016250000000000007 0.030957
0 0.0696875 0.29554115959004396 0.015625 0.029080999999999965
0 0.0724609375 0.11291277306002928 0.014374999999999999 0.018761000000000014
0 0.085390625 0.4149056749633968 0.020625000000000004 0.03846199999999999
0 0.1003125 0.3453734172767204 0.015625 0.03377099999999997
0 0.1015625 0.13606615959004392 0.015625 0.02720499999999999
0 0.1030859375 0.39134041727672036 0.014374999999999999 0.032832999999999994
0 0.1187109375 0.1402310307467057 0.014999999999999986 0.02345199999999999
0 0.13093749999999998 0.2976456749633968 0.016875000000000015 0.04033700000000001
0 0.1405859375 0.008784773060029283 0.013749999999999984 0.0197
0 0.1428125 0.22976090190336748 0.017499999999999988 0.022514000000000034
0 0.1646875 0.3369314172767203 0.017500000000000016 0.03470899999999998
0 0.1681640625 0.2749031595900439 0.018750000000000017 0.029081000000000048
0 0.1755078125 0.1565899019033675 0.010624999999999996 0.020638
0 0.2116015625 0.46040792679355785 0.06625 0.1369609999999999
0 0.1861328125 0.09572915959004392 0.01125000000000001 0.02907999999999999
0 0.1861328125 0.29700528843338214 0.01125000000000001 0.030957
0 0.190859375 0.2175659019033675 0.012500000000000011 0.021575999999999974
0 0.216484375 0.24957515959004392 0.012499999999999983 0.027204
0 0.2267578125 0.1486740307467057 0.010625000000000023 0.026266
0 0.230234375 0.09133677306002928 0.011874999999999997 0.017823000000000016
0 0.247109375 0.22342241727672035 0.012499999999999983 0.032832999999999994
0 0.262734375 0.1402310307467057 0.012499999999999956 0.025328000000000003
0 0.2721875 0.3478456442166911 0.016249999999999987 0.016886000000000012
0 0.2796875 0.2984694172767204 0.01687500000000003 0.032832999999999994
0 0.33703125 0.27800705563689604 0.07187500000000002 0.139775
0 0.32828125 0.02297003074670571 0.009374999999999967 0.025328000000000003
0 0.362109375 0.1894229019033675 0.011874999999999969 0.022515000000000007
0 0.3687109375 0.32796228843338215 0.015000000000000013 0.03095700000000004
0 0.432734375 0.01734203074670571 0.013124999999999998 0.025328
0 0.4430859375 0.17452815959004392 0.014999999999999958 0.027204
0 0.4808984375 0.33001392679355784 0.060624999999999984 0.13508499999999993
0 0.543984375 0.30761418448023425 0.07562500000000005 0.14258900000000002
0 0.602109375 0.07737903074670571 0.012500000000000067 0.024389999999999988
0 0.608359375 0.10915977306002929 0.013124999999999942 0.018761999999999984
0 0.6346875 0.24792667496339674 0.016875000000000084 0.04033800000000002
0 0.637734375 0.07737903074670571 0.01187500000000008 0.024389999999999988
0 0.647109375 0.1055220307467057 0.012500000000000067 0.02345199999999999
0 0.6615625 0.28657203074670573 0.016874999999999973 0.025328999999999977
0 0.667109375 0.0702869019033675 0.011874999999999969 0.022513999999999992
0 0.6909375 0.10833603074670571 0.016874999999999973 0.02439000000000001
0 0.7215625 0.08259515959004392 0.016874999999999973 0.02720500000000001
0 0.7299609375 0.25062741727672033 0.015000000000000013 0.032833000000000036
0 0.7434375 0.29096441727672034 0.015625 0.032832999999999994
0 0.745390625 0.48702441727672036 0.020625000000000004 0.03283300000000008
0 0.765859375 0.07966690190336749 0.011874999999999969 0.022514000000000003
0 0.7700390625 0.3661256749633968 0.01937500000000003 0.03846100000000006
0 0.7750390625 0.6117904172767205 0.01937500000000003 0.032832999999999994
0 0.8006640625 0.2801192884333822 0.01937500000000003 0.030956999999999957
0 0.8068359375 0.1520141595900439 0.014999999999999902 0.028142000000000014
0 0.8346875 0.36830028843338214 0.016249999999999987 0.03001799999999997
0 0.839765625 0.5833498038067351 0.020625000000000004 0.042213999999999974
0 0.8593359375 0.3100240307467057 0.013749999999999929 0.026267000000000037
0 0.8605859375 0.48514841727672037 0.015000000000000013 0.034709000000000025
0 0.8869140625 0.1472099019033675 0.01937499999999992 0.022513999999999992
0 0.8884375 0.09842890190336749 0.016874999999999973 0.021575999999999994
0 0.9156640625 0.5750210614934114 0.01937500000000003 0.04784200000000008
0 0.915859375 0.22747303074670566 0.013124999999999942 0.026266000000000064
0 0.9215625 0.46691254612005856 0.015625 0.03658599999999995
0 0.9218359375 0.28991215959004396 0.014374999999999916 0.02814300000000003
0 0.9253125 0.3616190307467057 0.016874999999999973 0.026266999999999995
0 0.9330078125 0.07696715959004392 0.011249999999999982 0.028141999999999993
0 0.955859375 0.1871350307467057 0.012500000000000067 0.02439000000000001
0 0.9579296875 0.306798159590044 0.006250000000000089 0.029080999999999965
0 0.9661328125 0.07133815959004393 0.011249999999999982 0.028142999999999987
0 0.968359375 0.13835503074670571 0.013124999999999942 0.025327999999999982
0 0.973515625 0.3111905461200586 0.020625000000000004 0.03658499999999998
0 0.9896875 0.47336528843338216 0.01749999999999996 0.03095700000000004
