0 0.0048828125 0.2984592892804699 0.01125 0.052632000000000026
0 0.145703125 0.33722800440528633 0.03562500000000002 0.062030000000000016
0 0.173125 0.2503504331864904 0.03187499999999999 0.06579000000000003
0 0.20640625 0.09339657268722466 0.00874999999999998 0.01973700000000001
0 0.2398046875 0.48343343318649046 0.03875000000000001 0.06578899999999997
0 0.2470703125 0.340341718061674 0.026874999999999982 0.05451100000000001
0 0.3045703125 0.314025718061674 0.026874999999999982 0.05545099999999997
0 0.341171875 0.3315890044052864 0.02749999999999997 0.06390999999999998
0 0.4008203125 0.27654857562408225 0.026874999999999982 0.059210999999999944
0 0.443984375 0.5055778619676945 0.04375000000000001 0.06954899999999999
0 0.441875 0.346920718061674 0.03125 0.05545099999999997
0 0.4939453125 0.28113071806167395 0.025624999999999953 0.05357200000000007
0 0.5421484375 0.3180194331864904 0.030625000000000013 0.06673
0 0.58171875 0.29094028928046994 0.024375000000000036 0.05169199999999994
0 0.5910546875 0.5249042907488987 0.03874999999999995 0.071428
0 0.6516015625 0.32072157562408227 0.03374999999999995 0.06109099999999991
0 0.6762890625 0.3180194331864904 0.018750000000000044 0.06485000000000003
0 0.71640625 0.4758554346549192 0.04062500000000002 0.08552600000000006
0 0.77765625 0.31796043465491924 0.039999999999999925 0.08552599999999998
0 0.7794921875 0.26016214390602055 0.02312499999999995 0.015037000000000035
0 0.8734765625 0.2970487195301028 0.03437499999999993 0.07518800000000007
0 0.9273828125 0.04170557268722467 0.011249999999999982 0.019737000000000005
0 0.960234375 0.051515143906020563 0.012500000000000067 0.015976999999999995
0 0.977109375 0.38257358002936853 0.04375000000000007 0.12312100000000005
