0 0.1158203125 0.5112935294117646 0.02562500000000001 0.037650000000000065
0 0.118984375 0.4436641764705882 0.012499999999999983 0.027108000000000094
0 0.1419140625 0.42163929411764706 0.018125000000000002 0.01731899999999996
0 0.150234375 0.35989229411764706 0.012499999999999983 0.017319000000000025
0 0.1670703125 0.46310052941176477 0.02562499999999998 0.03765099999999988
0 0.1707421875 0.40107170588235297 0.022499999999999992 0.02560300000000004
0 0.1894921875 0.6101254117647059 0.02250000000000002 0.048192999999999986
0 0.191015625 0.4145317647058823 0.02125000000000002 0.018826000000000048
0 0.214375 0.5635810588235294 0.0325 0.03614399999999999
0 0.2309765625 0.6518232352941177 0.03375 0.0617469999999999
0 0.2334375 0.45895976470588234 0.016875 0.01882599999999998
0 0.267109375 0.807319 0.04374999999999998 0.08207900000000001
0 0.2612890625 0.43312217647058826 0.01874999999999999 0.02786099999999993
0 0.267890625 0.40022476470588236 0.020000000000000018 0.019579000000000017
0 0.2747265625 0.5483784117647059 0.03437499999999999 0.04819300000000005
0 0.2795703125 0.5116230588235294 0.02562500000000001 0.03614399999999999
0 0.2803125 0.4301101764705882 0.015625 0.027108000000000094
0 0.288125 0.7126293529411765 0.03312499999999996 0.05271099999999987
0 0.296640625 0.4648421176470588 0.02124999999999999 0.030874000000000023
0 0.31125 0.5477193529411765 0.03312499999999996 0.052711
0 0.332578125 0.870288705882353 0.0675 0.10466900000000003
0 0.3090625 0.394294705882353 0.015625 0.024096000000000017
0 0.314921875 0.6768138823529412 0.028124999999999956 0.049698999999999986
0 0.3183203125 0.502728705882353 0.02562500000000001 0.024096000000000017
0 0.3486328125 0.7059462941176471 0.04125000000000001 0.05647599999999998
0 0.3480859375 0.43872270588235296 0.013749999999999984 0.02409599999999995
0 0.362265625 0.5157175882352941 0.021250000000000047 0.034638999999999934
0 0.3676953125 0.47990211764705876 0.02562500000000001 0.03162700000000006
0 0.401640625 0.9637581176470588 0.083125 0.07078299999999993
0 0.38328125 0.5753457647058824 0.03999999999999998 0.05948799999999999
0 0.400859375 0.684157 0.013124999999999998 0.04141499999999991
0 0.410390625 0.45185323529411764 0.020000000000000018 0.02183700000000011
0 0.417421875 0.6424591764705884 0.02812500000000001 0.027861999999999946
0 0.425703125 0.587771 0.03687499999999999 0.041415999999999925
0 0.42109375 0.523012 0.024375000000000036 0.040663000000000026
0 0.4203125 0.709475705882353 0.01687500000000003 0.06400599999999994
0 0.45546875 0.7153580588235294 0.055625000000000036 0.07756000000000005
0 0.4623046875 0.5894648823529413 0.03812500000000002 0.049698999999999854
0 0.4796875 0.7994594705882354 0.046875000000000056 0.08433699999999991
0 0.4859765625 0.5456507058823529 0.03375000000000006 0.02560200000000002
0 0.5009375 0.6718724117647059 0.048750000000000016 0.048192999999999916
0 0.4989453125 0.5901239411764706 0.025624999999999953 0.04518100000000004
0 0.5130859375 0.7341368235294118 0.04562500000000003 0.05496999999999991
0 0.5255078125 0.8990468235294116 0.04249999999999998 0.05497000000000004
0 0.57 0.8611587647058824 0.0631250000000001 0.09939800000000011
0 0.5591796875 0.6453757647058824 0.038124999999999964 0.06024099999999996
0 0.562890625 0.7080174117647059 0.020000000000000018 0.04819300000000005
0 0.594609375 0.602078 0.04312499999999997 0.040662999999999956
0 0.6175 0.9490728823529412 0.0625 0.09111499999999992
0 0.6153125 0.7874114705882354 0.046875 0.08283099999999997
0 0.6096875 0.5089405882352941 0.016874999999999973 0.03463800000000005
0 0.641953125 0.6805788823529411 0.03562500000000002 0.049698999999999986
0 0.6951171875 0.7455719999999999 0.05437500000000006 0.08207900000000001
0 0.714375 0.9334477647058824 0.06374999999999997 0.10090399999999991
0 0.73875 0.7549862352941177 0.03125 0.06174700000000003
0 0.752265625 0.9054928235294117 0.051875000000000004 0.09412600000000004
0 0.81125 0.9188112352941177 0.0625 0.10316300000000009
0 0.8173046875 0.6250924705882354 0.0068750000000000755 0.04442699999999992
0 0.84171875 0.8026131176470588 0.05500000000000005 0.072289
0 0.8740234375 0.9901632941176471 0.06125000000000003 0.017318999999999828
0 0.8946875 0.8875624705882353 0.048125000000000084 0.08358399999999994
0 0.9208203125 0.8273214705882354 0.05812500000000009 0.08433699999999991
