0 0.05796875 0.4972473806734993 0.05500000000000001 0.10225199999999994
0 0.1437109375 0.5740571229868229 0.04625000000000001 0.09380799999999996
0 0.2637890625 0.5722943806734992 0.04999999999999999 0.100375
0 0.345 0.5026920248901903 0.0625 0.11538500000000007
0 0.4839453125 0.38184515959004395 0.02562500000000001 0.029080999999999965
0 0.5341015625 0.3906481537335285 0.06562500000000004 0.11819800000000007
0 0.645234375 0.6107563806734992 0.04437499999999994 0.10225099999999997
0 0.7240234375 0.6686888653001464 0.02937500000000004 0.09005700000000011
0 0.8303515625 0.3850191537335285 0.06500000000000006 0.11913699999999994
0 0.8916796875 0.4569363191800878 0.03874999999999995 0.05347099999999999
0 0.976953125 0.5906704480234262 0.03562500000000002 0.05628499999999992
