0 0.044765625 0.23937041727672037 0.020624999999999998 0.03283299999999995
0 0.174453125 0.606845963396779 0.03562500000000002 0.06754199999999994
0 0.2183203125 0.295356803806735 0.02687500000000001 0.042213999999999974
0 0.3333203125 0.29828506149341144 0.02562500000000001 0.04784299999999997
0 0.74765625 0.24371864421669107 0.008749999999999925 0.015946999999999982
0 0.7855859375 0.337570803806735 0.014374999999999916 0.04315200000000003
0 0.796484375 0.27467564421669105 0.011874999999999969 0.016884999999999997
0 0.83203125 0.2753150307467057 0.008750000000000036 0.025328999999999977
0 0.9305078125 0.3728760307467057 0.010000000000000009 0.025329000000000018
0 0.9334375 0.5506310614934115 0.01749999999999996 0.04971799999999995
0 0.98734375 0.49580919033674964 0.02375000000000005 0.05065700000000006
