0 0.0068359375 0.7988553499267935 0.015 0.07879900000000012
0 0.0420703125 0.8285056383601758 0.057499999999999996 0.10788000000000005
0 0.4719140625 0.2108345534407028 0.893125 0.424015
0 0.048203125 0.378662448023426 0.035625000000000004 0.05628500000000004
0 0.04484375 0.09021441727672036 0.024375 0.032832999999999994
0 0.0641796875 0.5045508038067349 0.037500000000000006 0.042213000000000084
0 0.09484375 0.6585801595900438 0.024374999999999994 0.027205000000000052
0 0.141640625 0.2631200307467057 0.020625000000000004 0.026266999999999954
0 0.1669921875 0.3985468038067349 0.023125000000000007 0.04221400000000006
0 0.2040625 0.6911597057101025 0.04749999999999999 0.06191299999999994
0 0.2164453125 0.23971219033674962 0.02687500000000001 0.05159500000000004
0 0.2433203125 0.6038034480234262 0.02562499999999998 0.05816099999999987
0 0.2431640625 0.107739803806735 0.018125000000000002 0.041276
0 0.2615625 0.035691159590043924 0.017500000000000016 0.029081
0 0.2696484375 0.5026037057101025 0.029374999999999984 0.06379000000000003
0 0.2898046875 0.39877431918008777 0.03750000000000003 0.05347099999999995
0 0.3176953125 0.08687428843338214 0.026874999999999982 0.030956000000000015
0 0.3312890625 0.041320159590043926 0.019374999999999976 0.029079999999999998
0 0.341171875 0.21333193265007322 0.028749999999999998 0.045966
0 0.3830078125 0.5298087057101025 0.041874999999999996 0.061914
0 0.3935546875 0.7890183191800878 0.03875000000000001 0.05534700000000003
0 0.3882421875 0.3623736749633968 0.023125000000000007 0.04033699999999993
0 0.393671875 0.2642164480234261 0.02749999999999997 0.05628499999999996
0 0.4207421875 0.16192128843338213 0.023125000000000007 0.030955999999999984
0 0.4319921875 0.08751367496339678 0.023125000000000007 0.04033800000000002
0 0.46015625 0.5912407364568083 0.04062500000000002 0.08724199999999988
0 0.488671875 0.38019667496339676 0.028125000000000067 0.03846199999999999
0 0.5013671875 0.27108106149341143 0.021874999999999978 0.04971799999999999
0 0.5251953125 0.4765220614934114 0.026875000000000093 0.047841999999999996
0 0.5676171875 0.13389254612005855 0.021874999999999978 0.036585
0 0.5926953125 0.08293793265007321 0.02562500000000001 0.045966
0 0.5983203125 0.6703373499267936 0.02562500000000001 0.07879899999999995
0 0.648125 0.5576530922401172 0.03125 0.07317100000000001
0 0.738984375 0.3749104480234261 0.04437499999999994 0.058161
0 0.7303125 0.09794693265007319 0.016874999999999973 0.045966000000000014
0 0.7492578125 0.5174293499267936 0.04249999999999998 0.07786099999999989
0 0.7705859375 0.9261367364568083 0.04625000000000001 0.0863039999999999
0 0.7819921875 0.09607093265007322 0.021874999999999978 0.04408999999999999
0 0.8227734375 0.42639119033674966 0.02937500000000004 0.05159499999999995
0 0.8523046875 0.733259448023426 0.03875000000000006 0.05722299999999998
0 0.903984375 0.5852699633967788 0.04375000000000007 0.06848000000000008
