0 0.1441015625 0.5983140088495574 0.065 0.08113200000000001
0 0.245859375 0.3340431563421829 0.04375000000000001 0.07547200000000005
0 0.285 0.606047197640118 0.06437500000000002 0.11415100000000003
0 0.3505859375 0.2949520825958702 0.044999999999999984 0.077358
0 0.3681640625 0.694061598820059 0.04999999999999999 0.05848999999999986
0 0.404765625 0.5917763451327434 0.05124999999999996 0.10849100000000007
0 0.4372265625 0.3033232300884956 0.03437499999999999 0.073584
0 0.4863671875 0.691245418879056 0.05312500000000003 0.10377300000000016
0 0.507578125 0.2960149351032449 0.03562500000000002 0.08301899999999998
0 0.59515625 0.2874050825958703 0.039999999999999925 0.07735799999999995
0 0.6082421875 0.6071635663716813 0.053749999999999964 0.09811300000000003
0 0.734140625 0.37001200884955754 0.05249999999999999 0.08113199999999997
0 0.7533984375 0.573028197640118 0.06125000000000003 0.11226399999999988
0 0.850703125 0.30445241887905605 0.06687500000000002 0.10377399999999998
