0 0.10148863836017571 0.157578125 0.10788 0.13
0 0.21536534992679357 0.2651953125 0.07879999999999997 0.05812499999999998
0 0.2231679633967789 0.3439453125 0.06941899999999998 0.08875
0 0.5026938111273792 0.3374609375 0.42776699999999995 0.07687499999999997
0 0.3190373191800878 0.3558984375 0.053471000000000074 0.030625000000000013
0 0.43471993265007325 0.332421875 0.04408999999999993 0.027500000000000024
0 0.5632119941434847 0.27296875 0.09286999999999998 0.0875
0 0.6417824787701317 0.3115234375 0.07973800000000007 0.06187500000000001
0 0.812058448023426 0.3174609375 0.05722299999999998 0.04625000000000001
0 0.9610300922401172 0.30828125 0.0731710000000001 0.10249999999999998
