0 0.020703125 0.39818459882005897 0.036875 0.058544999999999965
0 0.0670703125 0.3043490412979351 0.026875000000000003 0.04060399999999997
0 0.140859375 0.6183204513274337 0.04375 0.06232299999999985
0 0.1626953125 0.25577596755162246 0.02687500000000001 0.04249299999999994
0 0.193125 0.35433352507374627 0.031875000000000014 0.06043400000000001
0 0.324140625 0.14358633628318582 0.020625000000000004 0.02927300000000004
0 0.3364453125 0.3990117463126844 0.02562500000000001 0.05288000000000001
0 0.3841796875 0.7590184513274335 0.03750000000000003 0.06421200000000014
0 0.4263671875 0.31632782005899707 0.02312499999999995 0.04815900000000001
0 0.4927734375 0.5129735250737463 0.030625000000000013 0.05948999999999994
0 0.5234375 0.040299598820059 0.01749999999999996 0.057601
0 0.539765625 0.20165574631268438 0.020000000000000018 0.05287999999999999
0 0.6251171875 0.3008057463126844 0.02312499999999995 0.05193599999999994
0 0.6801171875 0.579190377581121 0.02312499999999995 0.06515599999999984
0 0.75796875 0.3973564513274337 0.024375000000000036 0.062322999999999976
0 0.8577734375 0.3315536725663717 0.030000000000000027 0.055712999999999964
