0 0.259609375 0.36052083333333335 0.012500000000000011 0.027500000000000007
0 0.3153125 0.33046841666666665 0.015625 0.045000000000000005
0 0.427265625 0.3919270833333333 0.020625000000000004 0.034999999999999996
0 0.4759375 0.36932291666666667 0.016874999999999973 0.029167000000000016
0 0.5703125 0.32374966666666666 0.016249999999999987 0.020834000000000057
0 0.6980078125 0.36645833333333333 0.041874999999999996 0.07333300000000002
0 0.7842578125 0.30921875 0.010000000000000009 0.02416700000000001
0 0.8665234375 0.2885940833333333 0.02937499999999993 0.03500000000000003
0 0.9236328125 0.3206253333333333 0.04125000000000001 0.07416600000000002
0 0.99265625 0.3230208333333333 0.008750000000000036 0.02750000000000008
