0 0.16953175 0.44355078286558347 0.024998999999999993 0.05200899999999996
0 0.341016125 0.2824970974889217 0.035937 0.061466
0 0.4158198125 0.45920872673559826 0.042188 0.07801399999999997
0 0.45761768750000004 0.3126367267355982 0.03749899999999995 0.07801399999999997
0 0.540234375 0.5147653072378139 0.043749999999999956 0.06619400000000007
0 0.6314453125 0.5239214608567209 0.057811999999999975 0.09929099999999993
0 0.7296875 0.38148725110782866 0.046875 0.092199
0 0.7593745 0.5097406218611521 0.04843800000000009 0.07565000000000002
0 0.8248041875 0.3581439364844904 0.021876000000000007 0.08274200000000004
0 0.9263671875 0.366119670605613 0.05312499999999998 0.104019
