0 0.17863281250000002 0.6062857448680352 0.135625 0.20112799999999997
0 0.3030859375 0.16801268035190617 0.07687499999999997 0.13627799999999998
0 0.447734375 0.2578576539589443 0.012499999999999956 0.018796999999999973
0 0.4780859375 0.2247760322580645 0.015000000000000013 0.03477400000000004
0 0.5489453125 0.37590441055718476 0.02562500000000001 0.04887200000000004
0 0.66609375 0.2002293724340176 0.05624999999999991 0.102444
0 0.7055078125 0.1434612375366569 0.011249999999999982 0.058269999999999995
0 0.7590234375 0.4672599237536656 0.06125000000000003 0.1062030000000001
0 0.8289453125 0.46786316129032257 0.08937499999999998 0.16165400000000005
0 0.870703125 0.1334253020527859 0.06812499999999999 0.123121
