0 0.0278125 0.3671779326500732 0.016874999999999998 0.04596600000000008
0 0.0845703125 0.4746191229868229 0.0575 0.09474699999999998
0 0.076328125 0.3717536749633968 0.035625000000000004 0.03846200000000007
0 0.177734375 0.6452109267935578 0.074375 0.13696100000000014
0 0.1690625 0.37577834992679354 0.04874999999999999 0.078799
0 0.19390625 0.49454763836017573 0.070625 0.10694200000000006
0 0.220859375 0.3625570307467057 0.013124999999999998 0.02345200000000001
0 0.3508203125 0.37685654612005853 0.02562500000000001 0.035647000000000005
0 0.40015625 0.5223037057101024 0.03937499999999999 0.06191400000000008
0 0.5116796875 0.24428021522694 0.06937500000000002 0.164165
0 0.644765625 0.4146080614934115 0.020625000000000004 0.04877999999999989
0 0.691796875 0.3653191537335285 0.06000000000000005 0.11726099999999998
0 0.762890625 0.3789169019033675 0.020625000000000004 0.022514000000000076
0 0.79046875 0.34756625183016104 0.055624999999999925 0.09849899999999993
0 0.89078125 0.41694009224011713 0.04062500000000002 0.07317100000000001
0 0.91359375 0.39584606149341134 0.024375000000000036 0.04971900000000005
0 0.9375390625 0.4288634172767204 0.018125000000000058 0.03283299999999991
0 0.9769140625 0.44510903074670577 0.018124999999999947 0.02532799999999996
