0 0.0708984375 0.27108106149341143 0.030624999999999993 0.047841999999999954
0 0.166875 0.2823380614934114 0.033125000000000016 0.047841999999999996
0 0.2552734375 0.23179531918008786 0.029375000000000012 0.05534700000000003
0 0.29765625 0.2635059633967789 0.03937499999999999 0.06754200000000002
0 0.3584375 0.21772431918008786 0.015625 0.054408999999999964
0 0.3862109375 0.20955299414348463 0.04624999999999996 0.092871
0 0.4990234375 0.36260119033674965 0.030625000000000013 0.05159499999999991
0 0.5992578125 0.2821537057101025 0.04125000000000001 0.06285200000000002
0 0.6930078125 0.2173296691068814 0.073125 0.131332
0 0.779921875 0.2743510922401171 0.028125000000000067 0.07317100000000001
0 0.811953125 0.28928999414348466 0.03687499999999999 0.09193299999999997
0 0.945625 0.29045650951683744 0.06312499999999999 0.10412800000000005
