0 0.026875699888017916 0.4646484375 0.055555999999999994 0.09218799999999999
0 0.10639457894736841 0.53203075 0.10573500000000001 0.11718799999999996
0 0.12185626651735722 0.1765625 0.073476 0.07968699999999998
0 0.15679668309070546 0.7189453125 0.116488 0.120313
0 0.1966766248600224 0.395312 0.06810099999999998 0.09531299999999998
0 0.2526778331466965 0.475390625 0.08960600000000003 0.08281199999999994
0 0.29389296640537516 0.919140625 0.12724 0.114062
0 0.3709592665173573 0.16523387499999997 0.07168499999999998 0.09062600000000003
0 0.41463857894736844 0.506640625 0.10573499999999994 0.08281199999999994
0 0.43166672900335945 0.3750005 0.07885300000000006 0.07968700000000001
0 0.4675072956326988 0.680078625 0.09677399999999992 0.114062
0 0.5797419832026877 0.189453125 0.06272400000000003 0.067188
0 0.6740493706606943 0.3453125 0.08423000000000003 0.078125
0 0.8369039664053751 0.9728520624999999 0.1272400000000001 0.050000000000000044
0 0.8266039081746922 0.176952625 0.07706099999999987 0.082813
0 0.8727473997760359 0.6048828125 0.10931899999999994 0.10468699999999997
0 0.9204622206047033 0.7888671875 0.11111200000000016 0.11562500000000009
0 0.9256146830907056 0.5083989375 0.11648699999999983 0.10781199999999996
