0 0.005859375 0.498125 0.0125 0.03333299999999998
0 0.0166015625 0.6206770833333334 0.034375 0.098333
0 0.027890625 0.5126045 0.020625 0.04750000000000002
0 0.0525390625 0.5538538333333333 0.018125000000000002 0.027500000000000007
0 0.1297265625 0.8000517500000001 0.128125 0.1499999999999999
0 0.0771875 0.4763538333333333 0.015625 0.027500000000000007
0 0.0819140625 0.5214065833333333 0.019375000000000003 0.04999999999999997
0 0.1346484375 0.5058333333333334 0.030625000000000013 0.041666999999999975
0 0.1423828125 0.5441149166666667 0.041249999999999995 0.05999999999999991
0 0.1594140625 0.4909899166666667 0.019375000000000003 0.029165999999999952
0 0.187890625 0.49208366666666664 0.020625000000000004 0.022500000000000037
0 0.198359375 0.4768229166666667 0.012499999999999983 0.03083299999999989
0 0.213046875 0.5944274166666667 0.028749999999999998 0.07749999999999997
0 0.2321875 0.4925003333333333 0.016875 0.04333299999999999
0 0.2738671875 0.5032291666666667 0.023125000000000007 0.036667000000000005
0 0.2787890625 0.47588575 0.018125000000000002 0.02416600000000006
0 0.3001953125 0.6039586666666666 0.05812500000000004 0.11499999999999999
0 0.312890625 0.5007815833333333 0.020625000000000004 0.018333000000000006
0 0.3244921875 0.4127600833333333 0.021875000000000033 0.03583400000000007
0 0.3445703125 0.51369825 0.02562500000000001 0.040832999999999973
0 0.355859375 0.43744758333333333 0.012500000000000011 0.019167000000000007
0 0.38859375 0.5915625 0.02437499999999998 0.07916699999999999
0 0.4040625 0.46552083333333333 0.015625 0.027500000000000007
0 0.4236328125 0.41020833333333334 0.011249999999999982 0.012499999999999956
0 0.4352734375 0.4825003333333333 0.02999999999999997 0.044166000000000004
0 0.469609375 0.41317741666666663 0.011875000000000024 0.014166000000000048
0 0.472109375 0.46374966666666667 0.011875000000000024 0.02083400000000002
0 0.5068359375 0.4550003333333334 0.014375000000000027 0.04333299999999992
0 0.527265625 0.63630175 0.05249999999999999 0.08750000000000006
0 0.5180078125 0.40854133333333337 0.009999999999999898 0.01083400000000001
0 0.53609375 0.5429684166666666 0.02499999999999991 0.045000000000000075
0 0.5461328125 0.3957815833333333 0.010624999999999996 0.020000000000000018
0 0.5512890625 0.4752600833333333 0.01937500000000003 0.034999999999999996
0 0.575546875 0.472292 0.02749999999999997 0.03333299999999998
0 0.5809765625 0.5141663333333333 0.03500000000000003 0.04250000000000006
0 0.5775390625 0.4345836666666667 0.01937500000000003 0.022499999999999964
0 0.6116796875 0.4471878333333334 0.007499999999999951 0.028333000000000014
0 0.6298046875 0.4362496666666667 0.007500000000000062 0.020833999999999946
0 0.6830078125 0.5119274166666666 0.04249999999999998 0.07583300000000004
0 0.76828125 0.5325003333333332 0.039999999999999925 0.043333000000000066
0 0.774609375 0.4366145833333333 0.013124999999999942 0.019167000000000007
0 0.821171875 0.44036425 0.028124999999999956 0.03916700000000003
0 0.8484375 0.5817708333333332 0.048125000000000084 0.09000000000000001
0 0.8525 0.4935416666666667 0.03249999999999997 0.05333299999999993
0 0.88609375 0.42619824999999995 0.023749999999999938 0.040000000000000036
0 0.9225 0.46151075 0.03125 0.05499999999999994
0 0.9708203125 0.8210413333333334 0.05687500000000001 0.135834
0 0.9630859375 0.4194795 0.013749999999999929 0.017499999999999998
0 0.9815625 0.42671875 0.016874999999999973 0.025832999999999995
0 0.9924609375 0.45255175 0.01375000000000004 0.025834000000000062
0 0.9930078125 0.4235413333333333 0.011249999999999982 0.01083400000000001
