0 0.3728125 0.21885416666666666 0.04812500000000003 0.07000000000000002
0 0.38734375 0.4174996666666666 0.055625000000000036 0.0841670000000001
0 0.4246484375 0.267708 0.06125000000000003 0.09499999999999997
0 0.4439453125 0.4015625 0.05812499999999998 0.07916700000000006
0 0.5340625 0.2976038333333333 0.04812499999999997 0.09000000000000008
0 0.565078125 0.49520800000000004 0.06812499999999999 0.0949999999999999
0 0.58859375 0.341875 0.055624999999999925 0.09499999999999997
0 0.6548046875 0.39442741666666664 0.06874999999999998 0.07750000000000005
0 0.7249609375 0.52494825 0.07750000000000001 0.10166600000000003
0 0.7667578125 0.6201038333333334 0.07374999999999998 0.089167
