0 0.1008984375 0.6176175327635327 0.030625000000000013 0.06751800000000013
0 0.1275 0.5239280284900285 0.03187499999999999 0.05839399999999994
0 0.1727734375 0.4557855242165242 0.029375000000000012 0.049270000000000064
0 0.17765625 0.6060450284900285 0.04062500000000002 0.05839399999999994
0 0.19125 0.5206785270655271 0.03125 0.05656899999999998
0 0.208671875 0.35787002849002847 0.028124999999999983 0.059306000000000005
0 0.22875 0.6256055270655271 0.03187499999999999 0.055657000000000074
0 0.2283203125 0.4511125213675214 0.02562499999999998 0.04288299999999998
0 0.2664453125 0.3608955242165242 0.026875000000000038 0.05018199999999997
0 0.2683984375 0.5237040227920228 0.030000000000000027 0.04653299999999996
0 0.2895703125 0.47574752136752135 0.026875000000000038 0.04470800000000001
0 0.309375 0.627430527065527 0.03187499999999999 0.055657000000000074
0 0.31421875 0.3631200227920228 0.024375000000000036 0.04653299999999996
0 0.3508984375 0.5320280256410257 0.029374999999999984 0.052919999999999974
0 0.356875 0.45721002564102564 0.033125000000000016 0.05292000000000006
0 0.3703515625 0.6485275299145299 0.03375 0.060218999999999974
0 0.371171875 0.37731852421652423 0.028749999999999998 0.04927000000000003
0 0.3920703125 0.5643625242165242 0.026874999999999982 0.049269999999999904
0 0.4338671875 0.4836700256410256 0.021875000000000033 0.05200699999999993
0 0.4395703125 0.3736695242165242 0.026874999999999982 0.05109399999999995
0 0.4433203125 0.6339295299145299 0.02562500000000001 0.06204300000000002
0 0.4477734375 0.55279001994302 0.030000000000000027 0.04105799999999994
0 0.493046875 0.3677940256410257 0.028124999999999956 0.05200799999999999
0 0.50125 0.5609365299145299 0.03249999999999997 0.06204400000000001
0 0.499765625 0.4755700284900285 0.02124999999999999 0.059306999999999985
0 0.5196484375 0.6430535299145299 0.030625000000000013 0.06204299999999994
0 0.54125 0.3952780284900285 0.03187499999999999 0.05748199999999995
0 0.5608984375 0.4731215242165242 0.02937500000000004 0.05018300000000004
0 0.5753515625 0.5503880284900284 0.03500000000000003 0.059306000000000005
0 0.5977734375 0.3641450256410256 0.02937500000000004 0.052007000000000005
0 0.604453125 0.6430535299145299 0.036250000000000004 0.06204299999999994
0 0.613125 0.4818450256410256 0.03312499999999996 0.05200799999999999
0 0.639296875 0.5609365299145299 0.028125000000000067 0.06204400000000001
0 0.64609375 0.37976702849002847 0.024374999999999925 0.058395000000000086
0 0.6658984375 0.6485275299145299 0.030625000000000013 0.060218999999999974
0 0.679375 0.4968445242165242 0.03125 0.05109499999999994
0 0.7101953125 0.3967025299145299 0.02562500000000001 0.06113199999999994
0 0.7133984375 0.5730860256410256 0.030625000000000013 0.052919999999999974
0 0.7196484375 0.48691952706552705 0.02937500000000004 0.05474500000000009
0 0.76046875 0.4165525242165242 0.024374999999999925 0.05109500000000002
0 0.7848046875 0.5698365242165242 0.03749999999999998 0.049270999999999975
0 0.78109375 0.49855752136752135 0.023749999999999938 0.04288300000000005
0 0.8370703125 0.3513710256410257 0.02562500000000001 0.05383199999999996
0 0.863125 0.4308620284900285 0.03187499999999999 0.05748199999999995
