0 0.0153125 0.606986159590044 0.01625 0.029080000000000033
0 0.0337890625 0.5986574172767204 0.019374999999999996 0.032832999999999994
0 0.0615625 0.6072136749633968 0.016250000000000007 0.03846199999999999
0 0.0723828125 0.6061614172767205 0.010624999999999996 0.03470899999999994
0 0.1084375 0.5942650307467058 0.016874999999999987 0.02532799999999988
0 0.124609375 0.593852159590044 0.013124999999999998 0.029081000000000006
0 0.1546875 0.6053376749633969 0.016875 0.03846099999999993
0 0.1934375 0.601357159590044 0.016249999999999987 0.029080999999999923
0 0.220859375 0.5950887730600294 0.012500000000000011 0.01969999999999994
0 0.2355859375 0.6061614172767205 0.014374999999999999 0.032832999999999994
0 0.2612109375 0.6007167730600292 0.014374999999999971 0.01969999999999994
0 0.278359375 0.5976051595900439 0.011874999999999969 0.029080000000000033
0 0.2974609375 0.5901001595900439 0.013749999999999984 0.02720499999999997
0 0.311484375 0.595729159590044 0.011875000000000024 0.029079999999999866
0 0.328359375 0.5980170307467058 0.013124999999999998 0.02532799999999988
0 0.351484375 0.5998930307467057 0.012500000000000011 0.02532799999999996
0 0.36390625 0.5946769019033674 0.008750000000000036 0.021576000000000057
0 0.387109375 0.6065732884333821 0.013124999999999998 0.03095700000000004
0 0.4024609375 0.5863481595900439 0.013749999999999984 0.027204
0 0.425859375 0.599481159590044 0.012500000000000011 0.027203999999999916
0 0.4581640625 0.5886360307467057 0.018125000000000002 0.02345200000000001
0 0.4974609375 0.601357159590044 0.015000000000000013 0.029080999999999923
0 0.5230859375 0.5950887730600294 0.01375000000000004 0.01969999999999994
0 0.5428125 0.5942650307467058 0.015625 0.02532799999999988
0 0.562734375 0.5961410307467057 0.013124999999999942 0.02345200000000001
0 0.8111328125 0.29135034992679354 0.04125000000000001 0.076923
