0 0.02734375 0.47665354026354323 0.055625 0.12851800000000005
0 0.042109375000000004 0.3725524787701318 0.04375 0.08067499999999998
0 0.065546875 0.27322873645680823 0.060000000000000005 0.08630399999999998
0 0.14949218749999998 0.21511189604685213 0.053750000000000006 0.11163200000000004
0 0.196328125 0.41304789604685216 0.06812500000000002 0.111632
0 0.225 0.33109212298682283 0.06312500000000001 0.09474699999999998
0 0.269375 0.20301293265007317 0.03125 0.04408999999999999
0 0.29890625 0.24399031918008787 0.040000000000000036 0.05347099999999999
0 0.361640625 0.33589638067349925 0.05249999999999999 0.10225199999999998
0 0.3819140625 0.19987438067349927 0.04999999999999999 0.10225099999999998
0 0.446875 0.4175103806734992 0.06374999999999997 0.10131300000000003
0 0.45671875 0.2935249633967789 0.05624999999999997 0.06941800000000001
0 0.523828125 0.15532834992679354 0.036250000000000004 0.078799
0 0.5469921875 0.30647360761347003 0.053749999999999964 0.08255199999999996
0 0.589453125 0.1766758345534407 0.03687499999999999 0.064728
0 0.7191015625 0.37840899414348467 0.06562499999999993 0.09193199999999992
0 0.7482421875 0.7199333748169839 0.11687499999999995 0.1923079999999999
0 0.8689453125 0.26734628257686677 0.05687500000000001 0.12007500000000003
0 0.8763671875 0.17832431918008784 0.053750000000000075 0.05534700000000001
0 0.9490234375 0.2845298960468521 0.06187500000000001 0.11163200000000008
0 0.96328125 0.5890661229868229 0.07125000000000004 0.09662299999999995
