0 0.0107421875 0.4716376608187134 0.022656 0.08538000000000001
0 0.0974611875 0.4833337543859649 0.021875000000000006 0.06198799999999999
0 0.1640625 0.5058476959064327 0.015625 0.07719299999999997
0 0.181640625 0.4333328362573099 0.021094 0.04210600000000007
0 0.2849611875 0.4745618245614035 0.021875000000000033 0.046783
0 0.5193361875 0.4540938947368421 0.02343700000000004 0.029239000000000022
0 0.801953375 0.4827488245614035 0.012499999999999956 0.04561399999999999
0 0.8314458124999999 0.4973687543859649 0.010937000000000086 0.06315800000000005
0 0.8798833125 0.8461986491228071 0.025781000000000054 0.09005899999999989
0 0.8890622499999999 0.6675436842105263 0.0398440000000001 0.07953200000000005
0 0.9345700625 0.5105267894736841 0.019531000000000076 0.05497000000000004
