0 0.06578125 0.5898440833333334 0.071875 0.09749999999999999
0 0.19953125 0.4950003333333333 0.04000000000000001 0.04333299999999992
0 0.2480859375 0.50651075 0.046249999999999986 0.055000000000000014
0 0.26480468749999997 0.588542 0.06875 0.0958329999999999
0 0.280703125 0.41973958333333333 0.036250000000000004 0.04999999999999997
0 0.3304296875 0.7030205 0.06874999999999998 0.11000000000000003
0 0.3371484375 0.4983333333333333 0.029374999999999984 0.04166700000000012
0 0.3737890625 0.5392190833333333 0.05062500000000003 0.06749999999999996
0 0.382578125 0.4166149166666666 0.036250000000000004 0.061666000000000075
0 0.5010546874999999 0.5646871666666667 0.03875000000000001 0.06916699999999991
0 0.579375 0.6184378333333332 0.06374999999999997 0.08916600000000001
0 0.643203125 0.43755208333333334 0.036250000000000004 0.06749999999999996
0 0.7292578125 0.7048958333333334 0.07250000000000001 0.12166699999999997
0 0.743046875 0.5360416666666666 0.028124999999999956 0.054167
0 0.7498828125 0.4063541666666666 0.04249999999999998 0.06916700000000005
0 0.8218359375 0.6083850833333334 0.07750000000000001 0.06749999999999996
0 0.9097265625 0.7314059166666667 0.06625000000000003 0.09166700000000001
