0 0.08484375 0.45713575 0.055625 0.08749999999999998
0 0.1939453125 0.49817675 0.05687500000000001 0.055000000000000014
0 0.236484375 0.4249479166666667 0.04374999999999998 0.06166699999999999
0 0.2861328125 0.5678649166666666 0.07374999999999998 0.124166
0 0.420625 0.64796875 0.06312499999999999 0.08750000000000006
0 0.464140625 0.5274996666666667 0.05125000000000002 0.08333399999999995
0 0.4730078125 0.43312533333333336 0.04125000000000001 0.07416599999999995
0 0.604609375 0.3141666666666667 0.043749999999999956 0.08583299999999998
0 0.6251171875 0.4862503333333334 0.05312499999999998 0.10499999999999991
0 0.7632421875 0.48499966666666666 0.05437500000000006 0.08583400000000004
0 0.9136328125 0.49130175000000004 0.04250000000000009 0.08749999999999998
0 0.980703125 0.5847916666666667 0.036250000000000004 0.11666700000000008
