0 0.0732421875 0.3694795 0.146875 0.266666
0 0.2976171875 0.4828124999999999 0.08500000000000002 0.14083300000000007
0 0.3529296875 0.5217708333333333 0.03750000000000003 0.09000000000000008
0 0.402265625 0.54369825 0.020625000000000004 0.03999999999999996
0 0.500234375 0.5511458333333333 0.013124999999999942 0.058333000000000045
0 0.516015625 0.5284375 0.020625000000000004 0.04833299999999996
0 0.6631640625 0.377917 0.018124999999999947 0.0625
0 0.70890625 0.5600524166666666 0.07125000000000004 0.10916600000000003
0 0.7890625 0.4575003333333334 0.016874999999999973 0.04249999999999998
0 0.946484375 0.4029163333333334 0.10562499999999997 0.2291669999999999
