0 0.018789062500000002 0.47990330656934305 0.019374999999999996 0.11671400000000001
0 0.131484375 0.4523514744525548 0.07437500000000001 0.09243699999999999
0 0.183984375 0.7455501386861314 0.074375 0.14005600000000007
0 0.203359375 0.28703345255474455 0.074375 0.11111099999999995
0 0.2370703125 0.38016703649635036 0.057499999999999996 0.101774
0 0.3558203125 0.3073380364963504 0.05687500000000001 0.10177399999999996
0 0.372421875 0.7043484306569342 0.06 0.13258699999999998
0 0.4444140625 0.41454430656934305 0.05062500000000003 0.11391200000000012
0 0.52921875 0.2965411824817518 0.05625000000000002 0.09803900000000003
0 0.58828125 0.43345572262773724 0.04062500000000002 0.12698399999999999
0 0.688828125 0.40642974452554737 0.06687500000000002 0.107376
0 0.73953125 0.3809823284671533 0.04062500000000002 0.09617200000000006
0 0.9273046875 0.7487072627737228 0.07000000000000006 0.15499599999999983
