0 0.08989616666666667 0.40796875 0.036666 0.023749999999999993
0 0.09359408333333334 0.44625 0.034165999999999995 0.03250000000000003
0 0.13317674999999998 0.485703125 0.05666700000000002 0.03562500000000002
0 0.20010450000000002 0.4483203125 0.04749999999999999 0.02562500000000001
0 0.24979133333333334 0.63453125 0.07500000000000002 0.07062500000000005
0 0.25526008333333333 0.5073828125 0.035834 0.04250000000000004
0 0.338125 0.4314453125 0.031667000000000035 0.02562500000000001
0 0.3786458333333333 0.539921875 0.059167000000000046 0.02749999999999997
0 0.5051559166666667 0.4079296875 0.029999999999999954 0.03749999999999998
0 0.5627086666666666 0.49359375 0.05249999999999999 0.05624999999999997
0 0.633958 0.428359375 0.031667000000000035 0.044375
0 0.7809899166666666 0.3990234375 0.029166000000000025 0.029374999999999984
0 0.9587496666666667 0.38734375 0.02333400000000004 0.024375000000000036
