0 0.0426591875 0.4960905 0.08533299999999999 0.143111
0 0.156958 0.38994791666666667 0.03133400000000003 0.06044399999999994
0 0.227390625 0.4361080833333333 0.05199999999999999 0.06666600000000004
0 0.3314765625 0.637 0.12866699999999998 0.250667
0 0.3638408125 0.41607616666666664 0.04266700000000001 0.069334
0 0.3833623125 0.36619825 0.027332999999999996 0.03911100000000004
0 0.4240751875 0.34308725 0.02333400000000002 0.03999999999999996
0 0.5192685625 0.3794065833333333 0.034665999999999975 0.050666000000000024
0 0.5388935625 0.4738541666666667 0.06600000000000006 0.06844400000000002
0 0.5938876875 0.47819825 0.03866700000000001 0.040000000000000036
0 0.6064795000000001 0.3723574166666666 0.01666599999999996 0.04622200000000006
0 0.6538125 0.39565591666666666 0.017332999999999932 0.02933399999999997
0 0.7207421875 0.3515003333333333 0.02200000000000002 0.04177700000000003
0 0.780875 0.5734615833333333 0.09466700000000006 0.17600000000000002
0 0.78486425 0.38461491666666664 0.039999999999999925 0.06044399999999994
0 0.815098625 0.37188150000000003 0.02066699999999999 0.047999999999999966
0 0.8457939375 0.49570116666666664 0.045333999999999985 0.10044500000000005
0 0.8838876875 0.4357330833333333 0.03733399999999998 0.09688800000000002
0 0.932817375 0.40119075 0.04400000000000004 0.08622200000000002
