0 0.083723625 0.21883458823529414 0.051389 0.10460300000000002
0 0.11180599999999999 0.0985725294117647 0.0625 0.11924699999999999
0 0.1311419375 0.4467017058823529 0.07638800000000001 0.125523
0 0.15876724999999997 0.33271564705882356 0.072222 0.140168
0 0.1564235 0.08442617647058823 0.016667000000000015 0.058578000000000026
0 0.22282975000000002 0.03359576470588235 0.023610999999999965 0.06066999999999999
0 0.403428375 0.08069770588235294 0.04305599999999998 0.07531400000000002
0 0.47133268749999996 0.26417629411764704 0.03888900000000006 0.07740600000000003
0 0.5004986874999999 0.1211731176470588 0.03749999999999992 0.023012000000000025
0 0.6582685625 0.3237693529411765 0.03472200000000003 0.06276199999999998
0 0.7504560625 0.020588235294117647 0.019444000000000017 0.043933
0 0.7727643125 0.3202255294117647 0.05694500000000002 0.16945599999999997
0 0.9117405624999999 0.5207916470588235 0.09722200000000014 0.23849300000000012
