0 0.20390591666666666 0.3538671875 0.09333400000000001 0.085625
0 0.185625 0.1735546875 0.031667 0.037500000000000006
0 0.21062499999999998 0.168515625 0.031667000000000035 0.05124999999999999
0 0.2951559166666667 0.1840234375 0.02916699999999998 0.029375000000000012
0 0.3013538333333334 0.1823828125 0.02749999999999993 0.04250000000000001
0 0.3614059166666666 0.3933203125 0.09333400000000003 0.08937499999999998
0 0.5348955 0.3744140625 0.07916699999999999 0.08187500000000003
0 0.6299479166666666 0.378671875 0.06166700000000006 0.06
0 0.78213575 0.3941796875 0.08666599999999998 0.10125
0 0.93203125 0.3530859375 0.04083300000000012 0.04625000000000001
