0 0.2007421875 0.28343783333333333 0.053125000000000006 0.09083299999999998
0 0.2421484375 0.546042 0.061874999999999986 0.0949999999999999
0 0.3112890625 0.5046357499999999 0.05062500000000003 0.08749999999999998
0 0.3486328125 0.3542708333333333 0.04249999999999998 0.089167
0 0.4246484375 0.43427083333333333 0.06062500000000004 0.09083300000000001
0 0.50296875 0.441042 0.05562499999999998 0.09499999999999997
0 0.5181640625 0.28963575 0.04999999999999993 0.08833300000000004
0 0.6633984375 0.5518225833333333 0.0618749999999999 0.11333400000000005
0 0.6759375 0.32963575 0.04875000000000007 0.08750000000000006
0 0.733515625 0.3919274166666667 0.05125000000000002 0.07583299999999997
0 0.843046875 0.35234375 0.028125000000000067 0.055000000000000014
0 0.8708203125 0.3900524166666666 0.05687500000000001 0.10833300000000001
