0 0.0530078125 0.37984341666666666 0.010000000000000002 0.013333999999999957
0 0.0930078125 0.3653125 0.010000000000000009 0.015832999999999986
0 0.1552734375 0.4718229166666667 0.03 0.030833000000000037
0 0.1598828125 0.3418753333333333 0.010624999999999996 0.01250000000000003
0 0.1820703125 0.4519270833333333 0.02687500000000001 0.034999999999999996
0 0.219140625 0.418125 0.020625000000000004 0.03249999999999997
0 0.2425390625 0.3961455 0.019374999999999976 0.01750000000000007
0 0.27140625 0.2878125 0.00874999999999998 0.015832999999999986
0 0.2974609375 0.8482288333333333 0.04624999999999996 0.24499999999999997
0 0.2917578125 0.27354133333333336 0.010624999999999996 0.01166700000000002
0 0.300390625 0.4140621666666666 0.020625000000000004 0.03750000000000001
0 0.29828125 0.25937533333333335 0.009375000000000022 0.012499999999999956
0 0.3087890625 0.34265591666666667 0.018125000000000002 0.029167000000000016
0 0.316953125 0.25140625 0.005624999999999991 0.010000000000000009
0 0.3408203125 0.33265591666666666 0.02562500000000001 0.030834000000000028
0 0.3411328125 0.23104133333333335 0.011249999999999982 0.012499999999999956
0 0.36328125 0.2199475833333333 0.00874999999999998 0.019167000000000045
0 0.371640625 0.31421875 0.020625000000000004 0.025832999999999995
0 0.375234375 0.2636455 0.011874999999999969 0.01666700000000006
0 0.4158203125 0.27088575 0.02562500000000001 0.025832999999999995
0 0.4124609375 0.32374966666666666 0.014374999999999971 0.021667000000000065
0 0.4155078125 0.24187533333333336 0.010624999999999996 0.011665999999999954
0 0.42765625 0.2378125 0.009374999999999967 0.016666999999999987
0 0.4687890625 0.28802083333333334 0.018125000000000002 0.02749999999999997
0 0.603984375 0.1690104166666667 0.011874999999999969 0.014999999999999977
0 0.6540625 0.2401559166666667 0.01749999999999996 0.029999999999999954
0 0.66390625 0.14151041666666667 0.009375000000000022 0.013332999999999984
0 0.7025390625 0.14135383333333332 0.018125000000000058 0.027500000000000007
0 0.7130078125 0.11994758333333333 0.010000000000000009 0.019167000000000007
0 0.7353125 0.10026008333333335 0.015625 0.035834
0 0.7905078125 0.08541666666666665 0.011249999999999982 0.021666999999999992
0 0.803984375 0.09098991666666667 0.013125000000000053 0.030833
0 0.8478125 0.07536425000000001 0.01750000000000007 0.03916700000000001
0 0.9019140625 0.5621354166666667 0.05062500000000003 0.04583300000000001
0 0.937890625 0.013853833333333334 0.020625000000000004 0.027499999999999997
