0 0.069526125 0.20310689149560113 0.036364 0.074122
0 0.1213430625 0.13999758357771258 0.019047999999999995 0.04031200000000002
0 0.1428274375 0.2467364046920821 0.06060599999999998 0.13264000000000004
0 0.14936125 0.1370650322580645 0.009523000000000004 0.03381000000000002
0 0.2525223125 0.14342796187683282 0.026840000000000003 0.05331600000000003
0 0.29340687499999996 0.2631969882697947 0.09090900000000005 0.171652
0 0.3802580625 0.29399482111436953 0.05021700000000001 0.09622900000000002
0 0.386811375 0.14843748093841644 0.01298699999999997 0.028607999999999995
0 0.387677375 0.15787203225806454 0.012987000000000026 0.03511
0 0.42179656249999997 0.14912778885630498 0.03463200000000005 0.063719
0 0.4908589375 0.2003668211143695 0.04675400000000007 0.094929
0 0.5681780625 0.2851115073313783 0.08138499999999993 0.14564400000000002
0 0.5930239375 0.17009906451612905 0.046752999999999934 0.06631999999999998
