0 0.0753125 0.6412832884333821 0.01625 0.0309559999999999
0 0.083671875 0.6036450307467057 0.028124999999999997 0.023453000000000064
0 0.086015625 0.4982814172767204 0.020625000000000004 0.034709999999999915
0 0.1626171875 0.5294669326500732 0.021874999999999978 0.045966000000000125
0 0.1631640625 0.4795204172767203 0.019374999999999976 0.034709000000000025
0 0.183515625 0.5967804172767204 0.020625000000000004 0.03471
0 0.2574609375 0.5433104172767204 0.014375000000000027 0.03377099999999997
0 0.3087109375 0.4646246749633967 0.014374999999999971 0.03846199999999999
0 0.32484375 0.8879733499267934 0.024375000000000036 0.07692300000000017
0 0.3318359375 0.4784681595900439 0.013749999999999984 0.027204
0 0.3462890625 0.8799863806734993 0.018125000000000002 0.1003759999999999
0 0.3843359375 0.44293441727672034 0.013749999999999984 0.034709000000000025
0 0.4539453125 0.6195670922401171 0.02562500000000001 0.07316999999999996
0 0.4612109375 0.3175290307467057 0.01375000000000004 0.026267000000000037
0 0.49671875 0.5217775768667643 0.024375000000000036 0.060976000000000107
0 0.5169140625 0.5386194172767204 0.01937499999999992 0.032832999999999994
0 0.5546875 0.3119010307467057 0.01749999999999996 0.02439000000000003
0 0.57890625 0.30785041727672036 0.008750000000000036 0.034709000000000025
0 0.6040625 0.42938954612005853 0.015625 0.035647000000000005
0 0.6096875 0.4707788038067351 0.016249999999999987 0.04221399999999989
0 0.6109375 0.3720522884333822 0.016249999999999987 0.030956999999999915
0 0.6624609375 0.2876242884333821 0.01375000000000004 0.030957
0 0.6819921875 0.8255072825768667 0.053749999999999964 0.1228900000000001
0 0.68234375 0.4487909326500732 0.024374999999999925 0.04596599999999996
0 0.696171875 0.49310944802342604 0.028124999999999956 0.057223000000000065
0 0.7025390625 0.3839496749633967 0.018125000000000058 0.04033700000000005
0 0.7274609375 0.3653720307467057 0.014375000000000027 0.025328000000000003
0 0.7546875 0.9542797364568083 0.04875000000000007 0.08724199999999996
0 0.7519921875 0.5842177057101026 0.02187500000000009 0.06378999999999986
0 0.7505859375 0.2940770307467057 0.014375000000000027 0.025328000000000003
0 0.7505859375 0.4024130614934114 0.014375000000000027 0.04971800000000003
0 0.7863671875 0.38582567496339676 0.021874999999999978 0.04033700000000005
0 0.8478125 0.35599103074670574 0.016875000000000084 0.024389999999999946
0 0.904765625 0.3437960307467057 0.020625000000000004 0.02345199999999997
0 0.9596875 0.26137729575402635 0.07874999999999999 0.417448
