0 0.0295703125 0.0920986940194715 0.026874999999999996 0.067616
0 0.0896484375 0.11489277051460363 0.029375 0.05071099999999999
0 0.199296875 0.2895284408901252 0.09062499999999998 0.19483999999999996
0 0.4515234375 0.36141741446453407 0.09312500000000001 0.166371
0 0.5195703125 0.09682323226703755 0.026874999999999982 0.06049800000000002
0 0.60875 0.3871681585535466 0.09562499999999996 0.1850530000000001
0 0.690546875 0.12517959109874827 0.028124999999999956 0.053381
0 0.8552734375 0.4233797496522948 0.12437500000000001 0.236655
0 0.873125 0.12162159109874827 0.03187499999999999 0.05427000000000001
0 0.939453125 0.2972878998609179 0.03687499999999999 0.09697499999999998
