0 0.08125 0.676953125 0.03125 0.035937
0 0.3201166875 0.680859375 0.03750100000000001 0.043749999999999956
0 0.35683543749999996 0.641796875 0.029688000000000048 0.028124999999999956
0 0.4154296875 0.6802729375 0.03750000000000003 0.04531300000000005
0 0.5041015625 0.6685546875 0.03437499999999999 0.03906199999999993
0 0.519140625 0.646875 0.020313000000000025 0.03281200000000006
0 0.6123046875 0.6263676875 0.03906200000000004 0.03749899999999995
0 0.61640625 0.6646479375 0.04062499999999991 0.04531300000000005
0 0.6513671875 0.6306635625 0.02343700000000004 0.03437599999999996
0 0.680078625 0.6384765625 0.020311999999999997 0.034375000000000044
0 0.754296875 0.653125 0.028125000000000067 0.03125
0 0.7781245 0.61953175 0.01718799999999998 0.024998999999999993
0 0.8181640625 0.701171875 0.050000000000000044 0.059374999999999956
0 0.8484370000000001 0.66484325 0.03125 0.04062600000000005
0 0.9060546875 0.751562 0.03750000000000009 0.03281300000000009
