0 0.0234375 0.8476271666666667 0.047222 0.09999999999999994
0 0.029817375 0.5973670833333333 0.044445 0.06666600000000011
0 0.0346575625 0.45347200000000004 0.033333 0.064815
0 0.0830078125 0.5505211666666666 0.04166700000000001 0.06851800000000008
0 0.112847 0.42233766666666667 0.031945 0.05370400000000005
0 0.1288844375 0.7442708333333332 0.06249999999999997 0.08888900000000015
0 0.1346575625 0.460069 0.03333300000000003 0.033333999999999975
0 0.143967125 0.5262439166666667 0.036111000000000004 0.06111099999999999
0 0.17282974999999998 0.44435741666666667 0.025000000000000022 0.046296999999999956
0 0.201171875 0.4995657500000001 0.029167 0.05555599999999986
0 0.24366275 0.4097223333333333 0.024999999999999994 0.04259200000000011
0 0.267014 0.6323498333333334 0.03194400000000003 0.057406999999999986
0 0.27339387499999995 0.4723376666666667 0.027778000000000025 0.053703999999999974
0 0.29088575 0.4517654166666667 0.025000000000000022 0.04629599999999997
0 0.3123919375 0.4643229166666667 0.013888000000000011 0.029629999999999972
0 0.323654625 0.6212388333333334 0.02083299999999999 0.057406999999999986
0 0.336154625 0.493403 0.02083299999999999 0.03333299999999998
0 0.3390843125 0.5619788333333333 0.02638900000000005 0.05740799999999998
0 0.361415375 0.5756361666666666 0.012500000000000011 0.03703699999999999
0 0.3946393125 0.5006655833333333 0.026388999999999996 0.04999999999999997
0 0.409765625 0.46733258333333333 0.02083299999999999 0.051850999999999946
0 0.43296418750000004 0.4811921666666667 0.02222199999999991 0.03703699999999999
0 0.545615875 0.4037618333333333 0.029166999999999943 0.027778000000000008
0 0.613932625 0.4171293333333333 0.02083299999999999 0.04259300000000003
0 0.6688580624999999 0.32745941666666667 0.050000000000000044 0.10740700000000003
0 0.75477475 0.3130208333333333 0.025000000000000022 0.027778000000000042
0 0.8519967500000001 0.47008116666666666 0.023610999999999827 0.03703700000000006
0 0.891189125 0.5647284166666666 0.03611099999999989 0.04629600000000004
0 0.938151375 0.3910589166666667 0.04444400000000004 0.06111099999999999
