0 0.113828125 0.5164913499267935 0.036250000000000004 0.07692300000000009
0 0.130546875 0.46384409224011713 0.028124999999999983 0.07317099999999993
0 0.25105468750000004 0.5516563806734992 0.03812499999999999 0.100375
0 0.284765625 0.41908876720351385 0.051875000000000004 0.11069400000000006
0 0.3123046875 0.7648298960468521 0.038124999999999964 0.11350899999999996
0 0.4972265625 0.4184743191800878 0.034999999999999976 0.05440900000000005
0 0.5320703125 0.3273660614934114 0.026874999999999982 0.049719000000000006
0 0.557265625 0.5081885461200585 0.020625000000000004 0.03658600000000012
0 0.5771875 0.6561962518301611 0.04749999999999999 0.097561
0 0.6852734375 0.4979137057101025 0.030625000000000013 0.061914
0 0.735 0.23982644802342606 0.03312499999999996 0.05722299999999998
0 0.750859375 0.9488350922401171 0.043749999999999956 0.07129499999999998
0 0.8104296875 0.3305218345534407 0.03749999999999998 0.06472800000000001
0 0.8101953125 0.5748808653001465 0.026874999999999982 0.08817999999999994
0 0.9022265625 0.3779961229868228 0.034375000000000044 0.095685
