0 0.1808203125 0.5258333333333334 0.02687500000000001 0.04333299999999992
0 0.27609375 0.6514583333333334 0.05562500000000001 0.07416700000000002
0 0.39390625 0.4229166666666666 0.009374999999999967 0.021667000000000103
0 0.4179296875 0.6000520833333334 0.03750000000000003 0.06666699999999996
0 0.435859375 0.4784899166666667 0.011875000000000024 0.029165999999999952
0 0.4776953125 0.49755175 0.026249999999999996 0.025833999999999913
0 0.514375 0.62494825 0.03249999999999997 0.10333299999999997
0 0.57078125 0.4565104166666667 0.008124999999999938 0.014166999999999966
0 0.5985546875 0.3740104166666667 0.006250000000000089 0.014999999999999977
0 0.602734375 0.4104166666666667 0.013124999999999942 0.022499999999999964
0 0.6362109375 0.5351559166666666 0.013749999999999929 0.030834000000000028
0 0.6462109375 0.43291666666666667 0.014375000000000027 0.022499999999999964
