0 0.0242578125 0.17462218443316413 0.041874999999999996 0.08676799999999997
0 0.0901953125 0.19227861590524534 0.025624999999999995 0.044469000000000036
0 0.1425 0.3195679001692047 0.033125000000000016 0.06507600000000004
0 0.25234375 0.3034289949238579 0.024375000000000008 0.07158299999999995
0 0.2865625 0.2235158527918782 0.015625 0.06399100000000002
0 0.411953125 0.1676372318104907 0.03562500000000002 0.09110700000000001
0 0.468046875 0.15796190016920475 0.02812500000000001 0.06724599999999997
0 0.504453125 0.11245332656514381 0.03624999999999995 0.096529
0 0.5701171875 0.15023980541455162 0.023125000000000062 0.06073800000000002
0 0.5944921875 0.18551042639593907 0.023125000000000062 0.033623000000000035
0 0.6681640625 0.21939361590524536 0.018124999999999947 0.04446899999999999
0 0.689375 0.34572799492385786 0.03312500000000007 0.07375300000000004
0 0.73671875 0.21796175803722506 0.024375000000000036 0.055314999999999996
0 0.77 0.32329885279187814 0.03187499999999999 0.06399100000000005
0 0.8389453125 0.15219204230118444 0.026874999999999982 0.07592199999999999
0 0.855625 0.33943675803722506 0.032500000000000084 0.055314999999999975
0 0.9183203125 0.14928590016920473 0.026874999999999982 0.067245
0 0.941328125 0.2763139949238579 0.03562500000000002 0.07158300000000001
