0 0.14702925 0.27683946299810247 0.04091299999999998 0.11275499999999995
0 0.2212688125 0.29941372865275145 0.04186500000000001 0.140481
0 0.27357525 0.29712392979127134 0.04091300000000003 0.109057
0 0.3344948125 0.3303949297912714 0.04281600000000002 0.10905799999999996
0 0.37633425000000004 0.26735179696394684 0.039962 0.09242199999999998
0 0.41819924999999997 0.38205286337760913 0.04091300000000009 0.09981499999999996
0 0.42961724999999995 0.2859833965844402 0.039962 0.103512
0 0.48392593749999996 0.3860440626185958 0.04567099999999996 0.12384499999999998
0 0.5077129375 0.25825739658444025 0.04662199999999994 0.10535999999999998
0 0.544795375 0.30261939658444026 0.044719000000000064 0.10351199999999995
0 0.5887393125 0.3439233282732448 0.05708799999999992 0.15526799999999993
0 0.6428229375 0.2802907969639468 0.04662200000000005 0.09242199999999998
0 0.6454764374999999 0.2707545977229601 0.030447000000000002 0.07024
0 0.6608252499999999 0.37475792979127137 0.04091300000000009 0.107208
0 0.724624375 0.3507774629981025 0.044719000000000064 0.11090499999999999
0 0.7912028125 0.24347039658444022 0.04186400000000001 0.10536000000000001
0 0.8503196250000001 0.3139065294117647 0.052330999999999905 0.11829999999999999
