0 0.06796875 0.16612682352941177 0.024375 0.04425599999999999
0 0.08609375 0.1613549411764706 0.024375000000000008 0.066855
0 0.10515625 0.25345388235294114 0.03999999999999998 0.08097900000000004
0 0.1112890625 0.12040023529411764 0.018750000000000003 0.04237299999999999
0 0.2605859375 0.12163747058823528 0.015000000000000013 0.032957000000000035
0 0.2760546875 0.2017810588235294 0.03812500000000002 0.08568700000000003
0 0.3678125 0.10698488235294117 0.016249999999999987 0.030132000000000006
0 0.5157031249999999 0.22090929411764706 0.03625000000000006 0.07721299999999996
0 0.5515234375 0.1506484117647059 0.02937500000000004 0.048022
0 0.5669140625 0.08638505882352941 0.018125000000000058 0.03672299999999999
0 0.656640625 0.20118858823529415 0.05249999999999999 0.10451899999999997
0 0.7026171875 0.11686558823529414 0.021874999999999978 0.053673
0 0.75484375 0.2631545294117647 0.05624999999999991 0.11770299999999999
0 0.7706640625 0.09892229411764704 0.018125000000000058 0.02730700000000001
0 0.8045703125 0.1252244117647059 0.02562500000000001 0.049905999999999985
0 0.861796875 0.2757334705882353 0.08999999999999997 0.182675
0 0.8791796875 0.11281394117647058 0.006249999999999978 0.015066000000000013
0 0.894765625 0.11910970588235295 0.020625000000000004 0.025422999999999994
