0 0.2055859375 0.560603798408488 0.045625 0.08156300000000004
0 0.2849609375 0.5555057984084881 0.04625000000000001 0.07986399999999988
0 0.30875 0.9376879389920424 0.03187499999999999 0.052676999999999925
0 0.3303125 0.8538253183023874 0.048750000000000016 0.08581099999999989
0 0.386328125 0.3890429787798409 0.03687499999999999 0.06117199999999995
0 0.4203125 0.5199253183023873 0.04750000000000004 0.08666099999999995
0 0.4524609375 0.7894613580901856 0.04625000000000001 0.09600700000000013
0 0.464453125 0.38075401856763924 0.03687499999999999 0.07306699999999998
0 0.487890625 0.5761038381962865 0.05249999999999999 0.09260799999999994
0 0.531328125 0.39631623872679045 0.03687499999999999 0.06372099999999993
0 0.5587109375 0.5272607586206897 0.04500000000000004 0.06966899999999997
0 0.5666796875 0.3538352387267905 0.038125000000000075 0.06626999999999993
0 0.6021875 0.7546895384615384 0.04749999999999999 0.07816500000000003
0 0.6140234375 0.8233626790450927 0.030625000000000013 0.049278000000000176
0 0.63578125 0.37225801856763924 0.04062500000000002 0.07306699999999998
0 0.6840625 0.5797720583554377 0.04749999999999999 0.08326200000000004
0 0.68796875 0.8059357586206897 0.05625000000000002 0.06966799999999986
0 0.71765625 0.3530897586206897 0.04062500000000002 0.07136799999999997
0 0.7570703125 0.8392986392572944 0.026874999999999982 0.03823199999999994
0 0.781171875 0.7964862387267904 0.06000000000000005 0.06627000000000015
