0 0.439580125 0.6080093658969804 0.067164 0.11590700000000005
0 0.0560324375 0.5377695754884547 0.031207999999999993 0.082614
0 0.1586391875 0.5931541829484902 0.02238799999999999 0.05918600000000006
0 0.182599875 0.5688897797513321 0.027816000000000007 0.067817
0 0.21491824999999998 0.5916279786856129 0.04002700000000001 0.07398199999999987
0 0.27796031250000003 0.6187549786856128 0.02577999999999997 0.07274899999999994
0 0.3876186875 0.614071973357016 0.037312999999999985 0.09124499999999985
0 0.5664760625 0.5933599680284191 0.048846999999999974 0.10727500000000001
0 0.616813875 0.21802995204262876 0.05902300000000005 0.161529
0 0.8513331875 0.3294879680284192 0.05359600000000009 0.10974099999999998
