0 0.0068359375 0.04513888888888889 0.015 0.092222
0 0.067265625 0.6971526666666666 0.019999999999999997 0.054445000000000104
0 0.1460546875 0.013888888888888888 0.03875000000000001 0.028888999999999998
0 0.1434375 0.7315976666666667 0.017500000000000016 0.054443999999999965
0 0.1787890625 0.7122217777777777 0.019374999999999976 0.055556000000000064
0 0.2190625 0.7104856666666666 0.016250000000000014 0.052222999999999985
0 0.2619140625 0.7503474444444443 0.01937500000000003 0.0477780000000001
0 0.28546875 0.05666655555555555 0.05562499999999998 0.11444499999999998
0 0.2946875 0.7214584444444445 0.017500000000000016 0.047778
0 0.5350781250000001 0.406111 0.09874999999999995 0.251111
0 0.855 0.25638866666666665 0.09499999999999997 0.211111
