1 0.1792578125 0.27196718448023427 0.07250000000000001 0.14258900000000002
1 0.384609375 0.18349728843338214 0.011875000000000024 0.030956000000000004
1 0.4081640625 0.22612315959004392 0.018125000000000002 0.029080000000000033
1 0.4229296875 0.7082203440702782 0.03750000000000003 0.16698000000000002
1 0.4900390625 0.4364115768667643 0.019374999999999976 0.06003799999999996
1 0.5201171875 0.38957767496339674 0.021874999999999978 0.03846199999999999
1 0.545859375 0.1942281595900439 0.011874999999999969 0.028141999999999993
1 0.5804296875 0.45105286530014643 0.03749999999999998 0.08911899999999988
1 0.615546875 0.410785963396779 0.028124999999999956 0.06847999999999992
1 0.6646875 0.17663167496339677 0.016874999999999973 0.04033800000000002
1 0.9608984375 0.18688057686676426 0.02937499999999993 0.05910000000000003
1 0.972890625 0.4891903133235724 0.051875000000000004 0.1435280000000001
