0 0.071875 0.17703354545454547 0.033124999999999995 0.09116499999999998
0 0.1826171875 0.1822973020527859 0.05374999999999999 0.12124100000000003
0 0.3102734375 0.175831853372434 0.060624999999999984 0.12875899999999998
0 0.334140625 0.2443283020527859 0.05124999999999996 0.12312000000000003
0 0.381484375 0.1674450322580645 0.044375 0.032894999999999994
0 0.4692578125 0.42609932844574777 0.135625 0.23872199999999996
0 0.606328125 0.46395502052785925 0.12937500000000002 0.204887
0 0.587265625 0.1639111348973607 0.05125000000000002 0.04605299999999998
0 0.6663671875 0.1391393724340176 0.05312499999999998 0.10056399999999999
0 0.788984375 0.22865047507331376 0.07437500000000008 0.112782
