0 0.01171875 0.42880175000000004 0.02375 0.08749999999999998
0 0.086640625 0.4683333333333333 0.020625000000000004 0.04333299999999999
0 0.126953125 0.29203158333333334 0.09937499999999999 0.20833300000000002
0 0.3343359375 0.47072916666666664 0.014374999999999971 0.03833300000000003
0 0.356953125 0.4419274166666667 0.03687499999999999 0.07583299999999997
0 0.477890625 0.4141142500000001 0.051875000000000004 0.10166699999999995
0 0.5909765625 0.4700520833333333 0.034375000000000044 0.06666700000000003
0 0.6951953125 0.4792705 0.026249999999999996 0.04833400000000002
0 0.7216796875 0.4614583333333333 0.03749999999999998 0.0741670000000001
0 0.7780078125 0.4909899166666667 0.010000000000000009 0.029165999999999952
0 0.795 0.47317675 0.03249999999999997 0.05499999999999994
0 0.9196484375 0.29744791666666665 0.09187499999999993 0.185833
