0 0.0221484375 0.8076746959064327 0.030625 0.07865199999999996
0 0.3234765625 0.7629441286549707 0.6275 0.470038
0 0.038945312499999996 0.6701658596491229 0.026875 0.03651699999999997
0 0.037265625 0.616153894736842 0.02125 0.02902700000000008
0 0.0597265625 0.7254587543859649 0.03375 0.061797000000000046
0 0.1083984375 0.682501730994152 0.029375 0.06741600000000002
0 0.1249609375 0.9643377309941521 0.04562500000000001 0.06835199999999993
0 0.1232421875 0.8516816959064328 0.02187499999999999 0.07677899999999985
0 0.2025390625 0.9483536491228071 0.04999999999999999 0.08895199999999999
0 0.1972265625 0.7361687660818714 0.03437499999999999 0.06086099999999998
0 0.196484375 0.5427098830409356 0.011875000000000024 0.03089900000000013
0 0.2256640625 0.65436283625731 0.019374999999999976 0.042134999999999985
0 0.2390625 0.6981408830409357 0.017499999999999988 0.03089799999999991
0 0.242890625 0.8650867309941521 0.020624999999999977 0.06741499999999997
0 0.2598828125 0.5472769064327486 0.011249999999999982 0.02340800000000002
0 0.2714453125 0.7240618479532164 0.02562500000000001 0.04026200000000005
0 0.2803515625 0.7791247894736842 0.03437499999999999 0.053371
0 0.2837109375 0.5454039064327485 0.01375000000000004 0.025281000000000123
0 0.3065625 0.6875448479532164 0.016874999999999973 0.03839000000000008
0 0.320625 0.8809386491228071 0.033125000000000016 0.08801500000000004
0 0.318359375 0.5618468947368421 0.011875000000000024 0.02715400000000006
0 0.3371484375 0.7258687660818712 0.030625000000000013 0.059925000000000075
0 0.344765625 0.6520798245614036 0.019999999999999962 0.04400699999999995
0 0.3608203125 0.6908137543859649 0.02562500000000001 0.06179800000000001
0 0.36625 0.7832808011695908 0.03249999999999997 0.0514979999999999
0 0.4020703125 0.6772458479532163 0.026874999999999982 0.038388999999999944
0 0.4059375 0.7263458596491229 0.016874999999999973 0.03651600000000001
0 0.412109375 0.5827419298245614 0.012500000000000011 0.018727000000000046
0 0.4219140625 0.6585188479532164 0.01874999999999999 0.03838999999999991
0 0.4414453125 0.7248177894736844 0.026874999999999982 0.05430699999999998
0 0.43578125 0.578585918128655 0.00874999999999998 0.02059899999999993
0 0.4522265625 0.8897267660818714 0.03437499999999999 0.06086099999999981
0 0.4663671875 0.7033478713450292 0.021874999999999978 0.03464400000000012
0 0.4662890625 0.7557167894736843 0.01874999999999999 0.054306999999999814
0 0.497265625 0.6585188479532164 0.019999999999999962 0.03838999999999991
0 0.4982421875 0.7551419064327487 0.02250000000000002 0.02528100000000004
0 0.5051171875 0.6923418245614035 0.02312499999999995 0.04588000000000005
0 0.5851953125 0.8494647660818714 0.026874999999999982 0.06086099999999998
