0 0.112376 0.6324246395806028 0.062914 0.10666700000000004
0 0.26787525 0.34598547968545224 0.039734999999999965 0.07999999999999992
0 0.2848135625 0.17538663171690694 0.03476800000000002 0.07333299999999998
0 0.386783125 0.16763685583224117 0.03642400000000001 0.042221999999999996
0 0.416585125 0.36245186369593707 0.03642300000000004 0.07777799999999997
0 0.489432125 0.15681116775884665 0.03642400000000001 0.062222
0 0.5871983125 0.15054339973787678 0.026490000000000014 0.06666600000000002
0 0.648501875 0.35082871166448226 0.05960299999999996 0.08444399999999999
0 0.6861550000000001 0.18661155176933159 0.03145699999999996 0.06000000000000004
0 0.795724125 0.20427563171690696 0.03642400000000001 0.07333299999999997
0 0.8082896875000001 0.3599445517693316 0.03807999999999989 0.060000000000000005
