0 0.07984375 0.22680670571010247 0.024374999999999994 0.061914
0 0.103828125 0.440436251830161 0.036875000000000005 0.09849899999999998
0 0.1196875 0.6131143499267935 0.04874999999999999 0.07879900000000004
0 0.304765625 0.47008654026354324 0.05249999999999999 0.12757999999999997
0 0.3844140625 0.3467674480234261 0.01937500000000003 0.05628600000000002
0 0.4230078125 0.468579251830161 0.04249999999999998 0.09849899999999998
0 0.546953125 0.46219660761347003 0.036250000000000004 0.08255100000000003
0 0.7587890625 0.333818803806735 0.01937500000000003 0.042213999999999974
0 0.8427734375 0.3831690922401171 0.030625000000000013 0.07317100000000006
0 0.88609375 0.3781363191800879 0.024375000000000036 0.05534700000000003
