0 0.00390625 0.4190854302496329 0.008125 0.025400000000000058
0 0.0196875 0.3348320014684288 0.015625 0.02163699999999998
0 0.01953125 0.3918034302496329 0.00875 0.02351900000000007
0 0.02328125 0.2812100014684288 0.008125 0.020696000000000037
0 0.03390625 0.4006840014684288 0.00875 0.020695999999999996
0 0.051015625 0.31278243024963287 0.020624999999999998 0.02351800000000005
0 0.083359375 0.3719794317180617 0.04375 0.044214
0 0.168359375 0.8038411703377386 0.13749999999999998 0.38758200000000004
0 0.2430859375 0.4059144302496329 0.014999999999999986 0.026340999999999996
0 0.8608203125 0.4449197209985316 0.27625 0.09595499999999997
