0 0.1498735625 0.9047401171303074 0.06495100000000001 0.18566200000000016
0 0.211205125 0.14945160761346998 0.03676500000000002 0.08272000000000004
0 0.29771725 0.5276243133235724 0.03921600000000003 0.14522100000000002
0 0.40288 0.3897896691068814 0.03186300000000003 0.13051399999999996
0 0.43374725 0.11524099414348463 0.039215000000000055 0.09191200000000002
0 0.46905600000000003 0.1263347057101025 0.03308899999999998 0.0625
0 0.481311 0.5357907672035139 0.033088000000000006 0.10845599999999991
0 0.6143345625 0.3181623806734993 0.06495100000000009 0.101103
0 0.7131774375 0.05797819033674963 0.030638000000000054 0.05147100000000001
0 0.7621974375 0.18955109224011712 0.029411999999999994 0.07169100000000006
0 0.8151236875 0.21494457686676427 0.03799000000000008 0.05882299999999999
0 0.843328875 0.06383470571010248 0.028186000000000044 0.06433799999999999
0 0.948951125 0.03442270571010249 0.0355390000000001 0.064339
