0 0.11275727450980393 0.2480859375 0.031799000000000015 0.046249999999999986
0 0.1458634640522876 0.2454296875 0.03430999999999997 0.03750000000000003
0 0.2656765816993464 0.636875 0.10543900000000003 0.09375
0 0.2697134640522876 0.2455078125 0.034308999999999965 0.04250000000000001
0 0.27761127450980394 0.34171875 0.03179899999999996 0.05499999999999999
0 0.32128432679738567 0.2276953125 0.01840999999999997 0.02562500000000001
0 0.37933646405228755 0.24078125 0.03431000000000004 0.03937499999999999
0 0.3888038954248366 0.4428125 0.027614999999999994 0.08000000000000002
0 0.6141166535947712 0.24640625 0.03849400000000005 0.04062500000000002
0 0.7582574117647058 0.267109375 0.04853600000000016 0.04437499999999997
0 0.8992092222222223 0.3264453125 0.04518899999999995 0.05687500000000001
