0 0.17821825 0.4762034161490683 0.008519000000000018 0.014999999999999986
0 0.24828474999999997 0.6168128881987579 0.023591000000000067 0.02062499999999983
0 0.35968775000000003 0.4793128881987578 0.024900999999999913 0.020624999999999973
0 0.4068865833333333 0.6305784161490684 0.018349000000000098 0.01687500000000003
0 0.5236230833333333 0.26926242236024844 0.19200600000000012 0.23749999999999996
0 0.6572393333333334 0.6393361801242237 0.01245099999999999 0.013749999999999958
0 0.6768904166666667 0.47682841614906835 0.014416999999999902 0.014999999999999986
0 0.6900132500000001 0.6555939440993789 0.009174999999999933 0.010000000000000085
0 0.8281901666666666 0.5404774844720497 0.037351999999999975 0.04812499999999996
0 0.8715421666666665 0.6143439440993789 0.007209000000000021 0.010000000000000014
