0 0.005859375 0.24155719033674963 0.013333000000000001 0.05166599999999997
0 0.0702044375 0.20432860761347 0.03 0.08333399999999999
0 0.1477470625 0.2705908653001464 0.04999999999999999 0.09000000000000004
0 0.35060775 0.24448544802342606 0.02444400000000002 0.056665999999999994
0 0.37242643750000004 0.24407970571010248 0.02999999999999997 0.06333400000000002
0 0.4446139375 0.2386289326500732 0.015554999999999986 0.04666599999999998
0 0.4587890625 0.18489019033674964 0.018889000000000045 0.05000000000000001
0 0.45723925 0.22045177306002928 0.008889000000000036 0.018333000000000023
0 0.5188235625000001 0.2302949326500732 0.03444499999999995 0.04666699999999999
0 0.6059938125 0.23277241727672038 0.010000000000000009 0.035
0 0.6604733125 0.21781844802342606 0.026665999999999968 0.05833299999999997
0 0.699765625 0.22635431918008783 0.02111099999999999 0.05499999999999999
0 0.74282975 0.19428257686676426 0.02444500000000005 0.060000000000000005
0 0.844279625 0.20664925183016103 0.0522220000000001 0.09833400000000003
0 0.91616275 0.22928257686676426 0.02444499999999994 0.060000000000000026
0 0.9771748125 0.4631133806734993 0.04222199999999987 0.101667
0 0.9887890625 0.2509025461200585 0.018888999999999934 0.03666700000000006
