0 0.0963671875 0.09870057686676427 0.022499999999999992 0.06097600000000002
0 0.123515625 0.1297718345534407 0.020000000000000004 0.065666
0 0.236875 0.39009508638360174 0.06437500000000002 0.16322699999999996
0 0.2283984375 0.21090286530014637 0.029375000000000012 0.08818000000000004
0 0.328125 0.5466600497803806 0.09375 0.22889300000000004
0 0.325546875 0.11847067496339678 0.02812500000000001 0.04033800000000002
0 0.345625 0.24872447877013176 0.03312499999999996 0.080676
0 0.3773828125 0.141510803806735 0.011249999999999982 0.042213999999999995
0 0.4256640625 0.12267870571010249 0.018125000000000002 0.06379
0 0.4288671875 0.11137854612005856 0.021874999999999978 0.03658500000000002
0 0.466796875 0.29848763836017567 0.02812500000000001 0.10788
0 0.4756640625 0.1007609326500732 0.01937500000000003 0.04596600000000002
0 0.5339453125 0.18651286530014644 0.026874999999999982 0.08817999999999998
0 0.5878125 0.10240941727672033 0.016249999999999987 0.03470900000000002
0 0.6332421875 0.2930871537335285 0.053749999999999964 0.11913700000000002
0 0.6281640625 0.07520441727672035 0.018124999999999947 0.032832999999999994
0 0.64046875 0.15697583455344072 0.024374999999999925 0.06566699999999998
0 0.7444921875 0.12327493265007322 0.02312499999999995 0.045027999999999985
0 0.8169140625 0.09700893265007321 0.018750000000000044 0.04409
0 0.85703125 0.20445012298682283 0.03937499999999994 0.095685
0 0.8612890625 0.11659467496339677 0.01937499999999992 0.03846200000000001
0 0.882265625 0.2888963440702782 0.05249999999999999 0.16791699999999996
0 0.9730078125 0.09970867496339676 0.011249999999999982 0.038461999999999996
0 0.9856640625 0.16759344802342607 0.018124999999999947 0.05628499999999996
