0 0.5026171875 0.5065273848396501 0.9912500000000001 0.9533579999999999
0 0.1 0.7421349562682216 0.0625 0.09701500000000005
0 0.205625 0.6475676005830904 0.03125 0.08022399999999989
0 0.2166015625 0.8009608746355685 0.034999999999999976 0.07835800000000005
0 0.3505078125 0.7012643265306122 0.04125000000000001 0.08395499999999996
0 0.47296875 0.6798057113702624 0.023749999999999993 0.03731399999999997
0 0.5110546874999999 0.7927418600583093 0.03750000000000003 0.11007499999999987
0 0.548671875 0.589029889212828 0.028749999999999942 0.044775999999999934
0 0.6219140625 0.9204234081632654 0.04999999999999993 0.10261199999999987
0 0.7126171875 0.7711694081632653 0.053749999999999964 0.1026120000000002
0 0.778828125 0.6442438746355686 0.036250000000000004 0.07649299999999992
0 0.873984375 0.7777563265306121 0.043749999999999956 0.08209000000000016
0 0.9034375 0.6285033265306122 0.04749999999999999 0.08395499999999996
0 0.9687109375 0.8104632448979593 0.04499999999999993 0.061567
0 0.9851953125 0.6019155189504373 0.026249999999999996 0.059702000000000026
