0 0.017578125 0.23005079795021963 0.03625 0.133208
0 0.046328125 0.25664134992679355 0.036875000000000005 0.07879900000000004
0 0.28 0.2530909267935579 0.06437499999999999 0.13696099999999997
0 0.3576953125 0.3312505402635432 0.05687500000000001 0.12664099999999995
0 0.43109375 0.37282415373352856 0.05499999999999999 0.1172609999999999
0 0.44546875 0.23767005563689603 0.05624999999999997 0.137898
0 0.4946484375 0.3565785402635432 0.06125000000000003 0.128518
0 0.6110546875 0.4023611844802342 0.06937499999999996 0.14258900000000002
0 0.7482421875 0.38746544216691076 0.08562499999999995 0.14821800000000002
0 0.927734375 0.3547025402635432 0.07437499999999997 0.126641
