0 0.0421484375 0.826313803806735 0.030625000000000003 0.04221399999999989
0 0.1356640625 0.7629356749633969 0.019375000000000003 0.03846200000000007
0 0.1649609375 0.9475293806734992 0.076875 0.10131300000000015
0 0.1915625 0.722370159590044 0.016250000000000014 0.02908099999999984
0 0.232734375 0.6971564172767204 0.011874999999999997 0.034709000000000025
0 0.27937500000000004 0.9032550248901904 0.06437499999999999 0.11632300000000005
0 0.3418359375 0.7132176749633968 0.013749999999999984 0.04033800000000002
0 0.4069921875 0.6732915461200586 0.023125000000000007 0.036586000000000035
0 0.5157421875 0.561019159590044 0.021874999999999978 0.027204999999999886
0 0.5277734375 0.6302979633967789 0.030624999999999902 0.06848000000000008
0 0.6476171875 0.546010159590044 0.021874999999999978 0.027204
