0 0.0068359375 0.40854166666666664 0.015 0.053333
0 0.0494921875 0.5328645833333333 0.05375 0.08249999999999995
0 0.04765625 0.42078091666666667 0.04000000000000001 0.05999999999999998
0 0.080234375 0.4291663333333333 0.013124999999999998 0.04416699999999999
0 0.1658203125 0.3958333333333333 0.026249999999999996 0.041667000000000044
0 0.2187890625 0.43249966666666667 0.049375 0.08416699999999995
0 0.329609375 0.3825003333333334 0.043125000000000024 0.04333299999999999
0 0.3521875 0.44515625 0.046875 0.07250000000000001
0 0.4268359375 0.36109341666666667 0.04500000000000004 0.07666700000000008
0 0.4562109375 0.3775003333333333 0.013749999999999984 0.044166000000000004
0 0.5176953125 0.5020315833333333 0.05687500000000001 0.080833
0 0.5387109375 0.4151559166666667 0.04625000000000001 0.029999999999999954
0 0.576171875 0.2717184166666667 0.028750000000000053 0.10916700000000001
0 0.6665234375 0.4013024166666667 0.030000000000000027 0.045832999999999936
0 0.6899609375 0.5311458333333333 0.04625000000000001 0.05750000000000011
0 0.74859375 0.3945830000000001 0.02375000000000005 0.06499999999999995
0 0.843125 0.39958299999999997 0.03125 0.0625
0 0.8803515625 0.3982809166666666 0.03500000000000003 0.06000000000000005
0 0.8919140625 0.4438024166666667 0.04937499999999995 0.045000000000000005
0 0.9030859375 0.509583 0.04500000000000004 0.0625
