0 0.1008984375 0.27796875 0.06062500000000001 0.08750000000000002
0 0.4934765625 0.3355208333333333 0.84625 0.4024999999999999
0 0.162734375 0.3283336666666667 0.043125000000000024 0.08583299999999998
0 0.24765625 0.31562533333333337 0.04000000000000001 0.07416599999999995
0 0.3484375 0.17921908333333336 0.048750000000000016 0.06583299999999996
0 0.3633203125 0.48869758333333335 0.05687499999999995 0.080834
0 0.4334375 0.17760383333333332 0.046875 0.09083400000000003
0 0.503125 0.34708333333333335 0.06375000000000003 0.10500000000000005
0 0.4998046875 0.23536458333333332 0.03875000000000001 0.08250000000000002
0 0.544140625 0.27307291666666667 0.051875000000000004 0.093333
0 0.6907421875 0.21286458333333333 0.05437499999999995 0.08250000000000002
0 0.7208984375 0.66859375 0.06062499999999993 0.11916700000000002
0 0.754765625 0.20151008333333334 0.05125000000000002 0.096667
0 0.8883984375 0.2030729166666667 0.06125000000000003 0.09249999999999999
