0 0.03320275 0.46120025183016106 0.054688 0.09809699999999999
0 0.1054685625 0.448023411420205 0.06542999999999999 0.12298699999999997
0 0.1767580625 0.44509469985358713 0.05078099999999999 0.15227
0 0.37597624999999996 0.4289897613469985 0.10253900000000005 0.20058600000000004
0 0.5507808750000001 0.42459738067349934 0.058593999999999924 0.10102499999999998
0 0.60742175 0.5226942459736457 0.08593799999999996 0.18887200000000007
0 0.712890125 0.554904448023426 0.03515699999999988 0.05710100000000006
0 0.855469 0.3982427672035139 0.0625 0.10834600000000003
0 0.972656 0.5373348345534408 0.033203000000000094 0.06442199999999991
0 0.9873041875 0.5036603191800879 0.022460999999999953 0.05270899999999992
