0 0.0107421875 0.07843964705882353 0.021875 0.03860600000000001
0 0.0874609375 0.015002117647058824 0.013749999999999998 0.021656999999999996
0 0.1340234375 0.3690812352941177 0.09250000000000001 0.14124299999999992
0 0.1031640625 0.08785564705882352 0.018125000000000002 0.038607000000000016
0 0.1296484375 0.2066691176470588 0.030625 0.07156300000000003
0 0.3024609375 0.023413235294117644 0.014374999999999971 0.04237300000000001
0 0.3374609375 0.1317515294117647 0.013749999999999984 0.06967999999999996
0 0.511953125 0.2279021176470588 0.06687500000000002 0.12335200000000003
0 0.5035937500000001 0.03264917647058823 0.02437499999999998 0.058380999999999995
0 0.582578125 0.029411764705882353 0.0368750000000001 0.059322
0 0.8446875 0.020588235294117647 0.04874999999999996 0.041431
0 0.854140625 0.13533847058823528 0.02124999999999999 0.084746
