0 0.4716796875 0.22628726287262874 0.94375 0.4539930000000001
0 0.0172265625 0.18946939295392956 0.034375 0.07899300000000001
0 0.4205859375 0.04878048780487805 0.795625 0.09895800000000002
0 0.060390625 0.29433446070460706 0.05124999999999999 0.09461800000000002
0 0.079453125 0.08894432520325203 0.036875000000000005 0.06770799999999999
0 0.111171875 0.055428189701897015 0.028124999999999983 0.039063
0 0.1619140625 0.35410265040650407 0.04999999999999999 0.13194499999999995
0 0.1804296875 0.13304539295392953 0.03812500000000002 0.07986099999999997
0 0.3991015625 0.37042671815718153 0.06624999999999998 0.14583299999999996
0 0.3865234375 0.03942220325203252 0.030625000000000013 0.042535
0 0.3865234375 0.10727935230352303 0.030625000000000013 0.07118
0 0.486953125 0.10456932520325203 0.03687499999999999 0.06770799999999999
0 0.5128125 0.11758932520325203 0.016874999999999973 0.065105
0 0.6840234375 0.06995235230352304 0.030624999999999902 0.07291700000000001
0 0.704765625 0.053904243902439024 0.021250000000000102 0.051215
0 0.7971484375 0.94482554200542 0.09187500000000004 0.10850700000000002
0 0.8280078125 0.13761823035230353 0.04249999999999998 0.04861100000000001
0 0.8569921875 0.12203635230352303 0.053750000000000075 0.07291600000000001
