0 0.10046331918008786 0.158828125 0.054408999999999985 0.03562500000000002
0 0.1050400614934114 0.367734375 0.04690400000000001 0.044375
0 0.1138939326500732 0.2633984375 0.04409100000000001 0.030624999999999986
0 0.11378067496339676 0.4662109375 0.038460999999999995 0.04625000000000001
0 0.1181730614934114 0.5708984375 0.04878 0.02937499999999993
0 0.1256770614934114 0.666484375 0.046904999999999995 0.04312499999999997
0 0.12837780380673497 0.760078125 0.04315200000000001 0.036250000000000004
0 0.1950960614934114 0.153828125 0.04878 0.03562499999999999
0 0.20511644802342607 0.2650390625 0.05816199999999997 0.049374999999999974
0 0.21280580380673497 0.3706640625 0.04315199999999999 0.049375
0 0.21269154612005856 0.474375 0.035647000000000005 0.03125
0 0.2170839326500732 0.5716796875 0.045966 0.03749999999999998
0 0.22616631918008787 0.762109375 0.054409000000000006 0.04312499999999997
0 0.2244746749633968 0.6596484375 0.038461000000000016 0.02937499999999993
0 0.299863448023426 0.1568359375 0.05628500000000004 0.04625000000000001
0 0.3072541903367496 0.256484375 0.05065700000000002 0.044375
0 0.3076660614934114 0.3736328125 0.04690399999999998 0.04124999999999995
0 0.3134083191800878 0.4673046875 0.05440900000000005 0.03750000000000003
0 0.3221499326500732 0.76 0.04596600000000004 0.03249999999999997
0 0.32057154612005856 0.5590625 0.03564699999999996 0.04812499999999997
0 0.32537580380673503 0.660546875 0.041276 0.02749999999999997
0 0.40042280380673506 0.256484375 0.04315199999999995 0.044375
0 0.40950519033674965 0.56203125 0.05159500000000004 0.03937500000000005
0 0.4108560614934114 0.367734375 0.04878000000000006 0.044375
0 0.40833967496339674 0.153828125 0.0384610000000001 0.03562499999999999
0 0.41126793265007316 0.4634375 0.044090000000000094 0.04812499999999997
0 0.4167826749633967 0.7579296875 0.04033700000000005 0.03749999999999998
0 0.4211750614934114 0.666484375 0.04878000000000006 0.04312499999999997
0 0.4999740614934114 0.1499609375 0.04878000000000006 0.046249999999999986
0 0.5013239326500732 0.2543359375 0.04409000000000001 0.04625000000000001
0 0.5098811903367496 0.5649609375 0.05065600000000001 0.04625000000000001
0 0.5102930614934115 0.658515625 0.04690399999999994 0.05124999999999991
0 0.5117571903367497 0.3646875 0.05159499999999995 0.04749999999999999
0 0.5116429326500732 0.4653515625 0.04408999999999993 0.034375000000000044
0 0.5190336749633968 0.761953125 0.03846199999999999 0.03562500000000002
0 0.6107823191800879 0.76578125 0.05440900000000005 0.04062500000000002
0 0.6092039326500732 0.4623828125 0.04596599999999996 0.04249999999999998
0 0.6149461903367497 0.3666796875 0.0506569999999999 0.03749999999999998
0 0.6178744480234262 0.2532421875 0.05628499999999992 0.05437500000000001
0 0.6168221903367497 0.5648046875 0.05159500000000004 0.03749999999999998
0 0.6122022884333821 0.14890625 0.03095700000000004 0.04062500000000002
0 0.6179445461200586 0.6653515625 0.03564799999999998 0.03374999999999995
0 0.7068791903367496 0.6573828125 0.05159499999999995 0.04249999999999998
0 0.7066506749633968 0.1490234375 0.040337999999999936 0.030625000000000013
0 0.7139713191800879 0.2562109375 0.05347099999999991 0.04562499999999997
0 0.7114549326500732 0.4603125 0.044090999999999984 0.04749999999999999
0 0.7129190614934114 0.3598828125 0.04878099999999994 0.04125000000000001
0 0.7215905768667643 0.7580078125 0.059098999999999846 0.04249999999999998
0 0.7160316749633968 0.5580078125 0.03846199999999999 0.04249999999999998
0 0.8046677057101025 0.3637109375 0.06191400000000008 0.04625000000000001
0 0.8118309326500731 0.4654296875 0.045966000000000125 0.03749999999999998
0 0.8191515768667642 0.2535546875 0.059099000000000096 0.03750000000000003
0 0.8191515768667642 0.56078125 0.059099000000000096 0.04062500000000002
0 0.8190373191800879 0.1510546875 0.05347099999999991 0.037500000000000006
0 0.8150568038067351 0.658515625 0.041276 0.05124999999999991
0 0.9096194480234261 0.4673828125 0.056285000000000085 0.04124999999999995
0 0.9184743191800878 0.36078125 0.05440900000000013 0.04062500000000002
0 0.9168959326500732 0.653515625 0.0459670000000001 0.05124999999999991
0 0.9226391903367496 0.1460546875 0.05065599999999992 0.037500000000000006
0 0.9241033191800878 0.2525390625 0.0534700000000001 0.05000000000000002
0 0.9244009326500732 0.55890625 0.04596599999999996 0.04062499999999991
