0 0.0164453125 0.6120600670553936 0.02625 0.05410399999999991
0 0.0518359375 0.5626769854227405 0.015 0.033582000000000035
0 0.111171875 0.5828512448979593 0.028749999999999998 0.063433
0 0.1140625 0.5305527113702625 0.0175 0.03731299999999993
0 0.146875 0.7357224081632653 0.0325 0.104477
0 0.1855078125 0.5844833411078717 0.04124999999999998 0.052237999999999896
0 0.201875 0.6772442303206998 0.03125 0.09514899999999994
0 0.2385546875 0.7001000379008746 0.03874999999999998 0.117537
0 0.239375 0.5353331632653061 0.03125 0.04104500000000004
0 0.2390625 0.5313682594752186 0.017499999999999988 0.03171600000000002
0 0.2785546875 0.5187760670553936 0.03875000000000001 0.05410499999999995
0 0.2748828125 0.3835719854227405 0.011249999999999982 0.033582000000000035
0 0.427421875 0.5716572448979592 0.02749999999999997 0.061567
0 0.5230859375 0.4988357113702624 0.015000000000000013 0.037313999999999896
0 0.598671875 0.4946964373177843 0.02750000000000008 0.03917899999999994
0 0.6109375 0.6869805043731778 0.04874999999999996 0.09328400000000006
0 0.5968359375 0.4924231632653061 0.01375000000000004 0.042910000000000004
0 0.6440625 0.48245298542274057 0.01750000000000007 0.03358199999999995
0 0.648359375 0.4447317113702624 0.012500000000000067 0.035447999999999966
0 0.7035546875 0.6901893935860058 0.03749999999999998 0.13432899999999992
0 0.754375 0.47481661516034984 0.03125 0.048507
0 0.7543359375 0.4764477113702624 0.014999999999999902 0.03731399999999997
0 0.8121484375 0.637015778425656 0.030000000000000027 0.08955199999999995
0 0.8168359375 0.4693929854227405 0.014999999999999902 0.033582000000000035
0 0.870390625 0.7082042157434403 0.05249999999999999 0.12686599999999992
