0 0.156250125 0.04123758910162003 0.036133 0.067746
0 0.4951169375 0.4050074050073638 0.13867199999999996 0.296024
0 0.5410159999999999 0.06627434315169367 0.03125 0.06921900000000002
0 0.553711125 0.18998534315169366 0.03710900000000006 0.069219
0 0.655273875 0.038291589101620026 0.02929599999999999 0.066274
0 0.7304689999999999 0.05154683505154639 0.03125 0.06332800000000001
0 0.7656253125 0.051546326951399116 0.027343000000000006 0.05891000000000001
0 0.7812500625 0.19734888365243003 0.04980499999999999 0.10014699999999999
0 0.811523 0.23711309720176732 0.03125 0.07069299999999998
0 0.8652343124999999 0.08689285125184094 0.02636700000000003 0.076583
0 0.9746089375 0.025036818851251842 0.04589899999999991 0.050073999999999994
