0 0.07371093749999999 0.866706090909091 0.076875 0.182927
0 0.1093359375 0.38169926979472146 0.045 0.0881799999999999
0 0.19609375 0.6900380967741935 0.056249999999999994 0.09756100000000002
0 0.2803515625 0.38832134017595304 0.03437499999999999 0.069418
0 0.3223828125 0.7429257507331377 0.04125000000000001 0.11726100000000013
0 0.3728125 0.6123973782991202 0.01687500000000003 0.015009000000000059
0 0.5022265625 0.556119788856305 0.03375000000000006 0.06285200000000003
0 0.5187109375000001 0.6747919941348974 0.044999999999999984 0.08724200000000004
0 0.5633984375 0.5816214105571847 0.030625000000000013 0.049719000000000034
0 0.63328125 0.6060748914956011 0.040000000000000036 0.07504699999999999
0 0.65578125 0.8161602316715542 0.07187500000000002 0.14258900000000008
0 0.6445703125 0.5211746862170088 0.026874999999999982 0.05159400000000012
0 0.7087890625 0.6608395454545455 0.050000000000000044 0.093808
0 0.7855078125 0.6307019941348975 0.04125000000000001 0.08536599999999989
0 0.833125 0.601676064516129 0.03125 0.06566599999999995
0 0.8957421875 0.8127078152492667 0.08437499999999998 0.18105000000000013
0 0.9516796875 0.7077519560117301 0.06937499999999996 0.13977499999999998
0 0.9437890625 0.5587527565982404 0.018124999999999947 0.03095700000000004
0 0.97078125 0.5824418592375367 0.04062499999999991 0.042213999999999974
