0 0.0035546875 0.5486785401459854 0.007500000000000001 0.030812999999999976
0 0.0846875 0.5164066861313868 0.01625 0.028945000000000044
0 0.1034375 0.604293394160584 0.016875 0.03454699999999991
0 0.147890625 0.6058719562043796 0.020625000000000004 0.04201699999999996
0 0.168359375 0.8060047226277373 0.044375 0.12605
0 0.1646484375 0.8231521824817518 0.029375000000000012 0.09710500000000002
0 0.1828125 0.844560496350365 0.015625 0.07282900000000005
0 0.265 0.6450359343065694 0.03249999999999997 0.06255799999999995
0 0.2849609375 0.508240102189781 0.013749999999999984 0.04015000000000007
0 0.3015234375 0.6570552262773723 0.029374999999999984 0.05788999999999992
0 0.3628125 0.43278083211678836 0.016250000000000042 0.026143999999999903
0 0.4057421875 0.5719695182481753 0.021874999999999978 0.05228799999999989
0 0.4136328125 0.4443929781021898 0.010000000000000009 0.023341999999999967
0 0.4487890625 0.589473102189781 0.01874999999999999 0.040149000000000025
0 0.4587109375 0.46984039416058393 0.014374999999999971 0.034546999999999994
0 0.5017968749999999 0.5605947883211679 0.02812500000000001 0.06535999999999997
0 0.5166796874999999 0.7509677445255475 0.03750000000000003 0.10550900000000007
0 0.529765625 0.5129091021897811 0.020625000000000004 0.04014899999999994
0 0.5517578125 0.42542954014598544 0.011249999999999982 0.03081200000000001
0 0.579765625 0.5032826642335766 0.020625000000000004 0.04761899999999999
0 0.615234375 0.41649968613138694 0.013125000000000053 0.02894499999999996
0 0.666640625 0.5883840364963504 0.05125000000000002 0.10084000000000008
0 0.6496875 0.4537966642335767 0.016249999999999987 0.049485999999999954
0 0.6950390625 0.42899381021897814 0.018124999999999947 0.04575199999999994
0 0.728671875 0.8364762627737226 0.05875000000000008 0.15592900000000004
0 0.7425390625 0.4009828102189781 0.01937500000000003 0.043884000000000006
0 0.774296875 0.576075306569343 0.05874999999999997 0.11671300000000005
0 0.815546875 0.43763422627737225 0.028124999999999956 0.056022999999999955
0 0.8713671875 0.3865696642335766 0.021874999999999978 0.04761900000000003
0 0.88828125 0.46932920437956205 0.03937499999999994 0.07843100000000008
0 0.92 0.40938581021897813 0.03187499999999999 0.04388499999999997
