0 0.07125000000000001 0.3596354166666667 0.032499999999999994 0.04499999999999993
0 0.076875 0.35838575 0.0325 0.025832999999999995
0 0.1246875 0.4227086666666667 0.015625 0.053333
0 0.1434765625 0.30375 0.035 0.0625
0 0.2312890625 0.4407809166666667 0.019375000000000003 0.06166699999999999
0 0.2721484375 0.33760450000000003 0.02999999999999997 0.04833299999999996
0 0.3702734375 0.33687466666666666 0.02999999999999997 0.05333399999999999
0 0.4262890625 0.3697395833333333 0.01937500000000003 0.05166700000000005
0 0.55078125 0.3688541666666667 0.040000000000000036 0.06833299999999998
0 0.6386328125 0.3860934166666667 0.04125000000000001 0.07583400000000003
0 0.8100390625 0.4383336666666667 0.04937499999999995 0.08583299999999998
0 0.811875 0.6621350833333334 0.03249999999999997 0.12916700000000003
0 0.8757421875 0.5209892500000001 0.053749999999999964 0.07249999999999994
