0 0.2013671875 0.2125 0.05390600000000001 0.11375000000000002
0 0.21250025 0.550625 0.03984299999999999 0.09499999999999993
0 0.24902293749999999 0.7528125 0.046094000000000024 0.02999999999999998
0 0.251952625 0.47906250000000006 0.051563000000000025 0.09374999999999992
0 0.2572263125 0.205 0.057813 0.08999999999999997
0 0.26777368749999997 0.306875 0.07031200000000001 0.09499999999999997
0 0.294140625 0.76125 0.051562 0.06375000000000001
0 0.30039112500000004 0.3240625 0.03593699999999994 0.053750000000000055
0 0.35000025 0.2228125 0.03984399999999999 0.09125000000000001
0 0.4080075625 0.2328125 0.034375000000000044 0.07999999999999999
0 0.4314455625 0.6453125 0.06640600000000002 0.15375000000000005
0 0.48886743749999995 0.6868749999999999 0.06171800000000005 0.18125
0 0.48671850000000005 0.45625 0.046875 0.06375000000000001
0 0.5443361875 0.179375 0.08593700000000004 0.13375
0 0.5722658749999999 0.5909375000000001 0.05937500000000007 0.13624999999999998
0 0.616015875 0.31843750000000004 0.028905999999999987 0.08624999999999998
0 0.6361333125 0.671875 0.05703099999999994 0.13375000000000004
0 0.700781 0.6421875 0.03125 0.08500000000000005
0 0.7740231875 0.1378125 0.08515600000000001 0.14250000000000002
0 0.7646489375 0.49906249999999996 0.04609300000000005 0.06749999999999998
0 0.83906225 0.22749999999999998 0.07187499999999991 0.16375
