0 0.0068359375 0.4568220614934115 0.015 0.048779999999999976
0 0.0068359375 0.8878773133235724 0.015 0.14634200000000003
0 0.01015625 0.1443949019033675 0.008749999999999999 0.02251399999999997
0 0.080234375 0.782408159590044 0.013124999999999998 0.02907999999999995
0 0.0785546875 0.4588382576866765 0.006875000000000006 0.007504999999999863
0 0.0823828125 0.4914869019033675 0.009999999999999995 0.022514000000000034
0 0.1157421875 0.33059193265007325 0.02187499999999999 0.04408999999999997
0 0.1192578125 0.3302501595900439 0.011249999999999982 0.029081000000000048
0 0.122109375 0.05966928843338214 0.011874999999999983 0.030957
0 0.1248046875 0.06184390190336749 0.006875000000000006 0.021576000000000005
0 0.1413671875 0.7867304480234261 0.023125000000000007 0.05722299999999998
0 0.1712890625 0.3937857057101025 0.018125000000000002 0.06285199999999994
0 0.2157421875 0.50534860761347 0.023125000000000007 0.08442800000000011
0 0.2162109375 0.2698444480234261 0.013749999999999984 0.05816199999999997
0 0.291875 0.5113884787701317 0.03250000000000003 0.07973799999999999
0 0.28453125 0.5773790307467057 0.008124999999999993 0.02439000000000007
0 0.2980859375 0.3066839019033675 0.015000000000000013 0.020638
0 0.4228515625 0.949957448023426 0.03437499999999999 0.056285000000000085
0 0.4207421875 0.7760696749633967 0.021875000000000033 0.038461000000000016
0 0.5141015625 0.8515986442166911 0.0024999999999999467 0.015009000000000088
0 0.5459375 0.9430486749633966 0.01750000000000007 0.038462000000000156
0 0.5536328125 0.7460065153733528 0.010000000000000009 0.014071000000000111
0 0.66546875 0.635602411420205 0.05624999999999991 0.124765
0 0.706640625 0.4911892884333821 0.020625000000000004 0.031895000000000014
0 0.8378125 0.35198457686676426 0.04875000000000007 0.06097499999999997
0 0.9887890625 0.37138596339677893 0.01937500000000003 0.06941800000000001
