0 0.0205078125 0.1780078125 0.04125 0.19812500000000002
0 0.3190234375 0.2408203125 0.029374999999999984 0.08875000000000002
0 0.4053515625 0.2777734375 0.128125 0.15500000000000003
0 0.42984375 0.5105859374999999 0.11812499999999998 0.14000000000000007
0 0.54359375 0.13484374999999998 0.21125000000000005 0.21187499999999998
0 0.5807421875 0.258203125 0.11625000000000008 0.160625
0 0.75 0.421796875 0.12624999999999997 0.15375
0 0.76328125 0.286484375 0.04062500000000002 0.04312499999999997
0 0.914140625 0.368984375 0.020625000000000004 0.044375
0 0.962265625 0.339296875 0.05125000000000002 0.09062500000000001
