0 0.0980859375 0.039722951456310676 0.04625 0.078153
0 0.146484375 0.26907180166435507 0.075625 0.09147400000000004
0 0.2786328125 0.3874689140083218 0.073125 0.08170500000000007
0 0.3879296875 0.02762932593619972 0.038124999999999964 0.05151000000000001
0 0.411484375 0.3633091276005548 0.07500000000000001 0.14031999999999997
0 0.4244140625 0.12786380166435507 0.04999999999999999 0.090586
0 0.5882421875 0.41681397780859913 0.08437499999999998 0.15097700000000003
0 0.59671875 0.020804438280166437 0.05500000000000005 0.042629
0 0.6797265625 0.09799757697642163 0.06500000000000006 0.10657200000000001
0 0.7460546875 0.36024449098474337 0.09999999999999998 0.187389
0 0.8619140625 0.11992046463245493 0.08062499999999995 0.116341
