0 0.15964843750000002 0.544143663250366 0.124375 0.22138800000000003
0 0.1158203125 0.32981234992679354 0.02562500000000001 0.076923
0 0.1902734375 0.35959511713030745 0.09312499999999999 0.18667899999999996
0 0.2381640625 0.42014002489019037 0.049375 0.11538499999999995
0 0.281171875 0.43398350951683745 0.06 0.10318999999999999
0 0.3526171875 0.25611522108345536 0.02250000000000002 0.07410900000000004
0 0.4012109375 0.35330850951683745 0.04500000000000004 0.10506500000000006
0 0.43828125 0.22321212298682283 0.03937499999999999 0.09662299999999999
0 0.4508984375 0.3954341903367496 0.030624999999999958 0.05065700000000006
0 0.5134765625 0.4177119575402635 0.06562499999999999 0.159475
0 0.5621875 0.36250515373352854 0.04875000000000007 0.11913700000000002
0 0.5816796875 0.11979460761346998 0.03875000000000006 0.08442800000000002
0 0.6362890625 0.40133486530014645 0.050000000000000044 0.09005599999999993
0 0.7028515625 0.08362147877013178 0.03437499999999993 0.08067500000000002
0 0.732109375 0.09281812298682285 0.04375000000000007 0.09662300000000003
0 0.80203125 0.39113012298682287 0.03937500000000005 0.09380799999999996
