0 0.1755859375 0.25266734230194315 0.076875 0.13984700000000003
0 0.2591015625 0.18389050074738417 0.06562499999999999 0.12452099999999999
0 0.3120703125 0.6972707937219731 0.08937499999999998 0.17049800000000004
0 0.3159765625 0.2891818789237668 0.06624999999999998 0.145594
0 0.3724609375 0.1912058908819133 0.04500000000000004 0.10632200000000003
0 0.431953125 0.23427918385650226 0.06687500000000002 0.15517200000000003
0 0.4368359375 0.4257336472346787 0.07687500000000003 0.14750999999999995
0 0.4908984375 0.6533253303437968 0.09187499999999998 0.1781609999999999
0 0.4901953125 0.15024996412556052 0.05750000000000005 0.117816
0 0.5436328125 0.25588895216741403 0.073125 0.157088
0 0.5340234375 0.11303920777279523 0.030625000000000013 0.076629
0 0.60296875 0.4178824887892376 0.08749999999999991 0.16283500000000004
0 0.63234375 0.17492189088191332 0.05500000000000005 0.106322
0 0.65515625 0.6233738415545591 0.008750000000000036 0.017241999999999997
0 0.731640625 0.342285110612855 0.05249999999999999 0.14176200000000003
0 0.7952734375 0.2221186711509716 0.030625000000000013 0.06896599999999999
0 0.9428125 0.43816914798206286 0.11124999999999996 0.271073
0 0.9568359375 0.8280501464872945 0.015000000000000013 0.02586200000000006
