0 0.046875 0.5447913333333334 0.032811999999999994 0.04270899999999996
0 0.541015375 0.555208 0.8882810000000001 0.09479199999999999
0 0.1033208125 0.5281246666666667 0.011717999999999992 0.020833999999999946
0 0.1646486875 0.5307295 0.0070310000000000095 0.015625
0 0.1992185 0.6385413333333334 0.01718800000000001 0.041666999999999975
0 0.297265375 0.61901075 0.01171899999999998 0.026041000000000054
0 0.326953375 0.60234375 0.012500000000000011 0.023957999999999997
0 0.3646481875 0.6481774166666666 0.022657000000000038 0.044791000000000025
0 0.40156225 0.6242190833333333 0.007813000000000014 0.03541599999999997
0 0.4296875 0.6255208333333334 0.015625 0.02604199999999997
0 0.5201171875 0.5526041666666667 0.17812499999999998 0.3187500000000001
0 0.924609375 0.5916666666666667 0.011719000000000146 0.022917000000000003
0 0.974609375 0.6161458333333334 0.011719000000000035 0.02604199999999997
0 0.9791018125000001 0.5723958333333333 0.011718000000000006 0.02604199999999997
