0 0.0106640625 0.33258539416058397 0.018750000000000003 0.03267900000000002
0 0.2130859375 0.3291388321167883 0.013750000000000012 0.02427700000000002
0 0.2365625 0.3135032481751825 0.015625 0.03641499999999997
0 0.2803125 0.3116362481751825 0.015625 0.036414
0 0.3239453125 0.29798637226277375 0.025624999999999953 0.05508799999999994
0 0.394375 0.3655321386861314 0.06375000000000003 0.138188
0 0.4615625 0.37086739416058395 0.01687500000000003 0.03267899999999998
0 0.490390625 0.328850394160584 0.02062499999999995 0.034546999999999994
0 0.4959375 0.32750924817518245 0.017500000000000016 0.036414000000000044
0 0.560625 0.30329893430656935 0.03312499999999996 0.06255900000000003
0 0.6463671875 0.3167123941605839 0.021874999999999978 0.03454700000000008
0 0.75546875 0.3283912262773722 0.023749999999999938 0.05602200000000007
0 0.773359375 0.32068381021897807 0.013125000000000053 0.043883999999999965
0 0.84390625 0.598225197080292 0.10250000000000004 0.21662
0 0.84109375 0.3338745182481752 0.024375000000000036 0.05135400000000001
0 0.9509765625 0.33874357664233573 0.06562500000000004 0.129785
