0 0.4452734375 0.1709777364568082 0.09250000000000003 0.08630399999999998
0 0.49109375 0.35927928257686675 0.05500000000000005 0.12101299999999997
0 0.5912109375 0.21964447877013177 0.04625000000000001 0.08067500000000001
0 0.6168359375 0.3321002210834553 0.04625000000000001 0.075047
0 0.7193359375 0.2926311229868228 0.04625000000000001 0.09568400000000003
0 0.833125 0.3519586383601757 0.06374999999999997 0.106003
0 0.8241796875 0.1918260307467057 0.007499999999999951 0.025327999999999982
0 0.8580078125 0.20747541727672036 0.011249999999999982 0.03470899999999998
0 0.905390625 0.20102267496339682 0.020000000000000018 0.038460999999999995
0 0.973515625 0.260367411420205 0.05125000000000002 0.123828
0 0.9900390625 0.10908967496339678 0.018125000000000058 0.04033800000000002
