0 0.0662109375 0.44452814580265093 0.045 0.106604
0 0.3621875 0.43822388365243004 0.048750000000000016 0.09905600000000002
0 0.507578125 0.4911693917525773 0.03562500000000002 0.104717
0 0.51859375 0.7518919160530192 0.05499999999999999 0.12358499999999985
0 0.644609375 0.4552726053019146 0.043749999999999956 0.07924499999999995
0 0.719765625 0.48953334315169367 0.020625000000000004 0.06981200000000003
0 0.7388671875 0.08228508100147275 0.02312499999999995 0.06037799999999999
0 0.7408203125 0.5259120972017673 0.02562500000000001 0.07358500000000004
0 0.7872265625 0.446252851251841 0.034375000000000044 0.07547200000000004
0 0.859453125 0.46470660530191454 0.036250000000000004 0.07924500000000004
0 0.876875 0.8092298350515464 0.03187499999999999 0.06226399999999995
0 0.9264453125 0.4640623431516937 0.02562500000000001 0.06792399999999996
0 0.9744921875 0.4051103107511046 0.02312499999999995 0.04622599999999999
