0 0.02734375 0.28064344155844156 0.05625 0.08316
0 0.057421875 0.18502022077922078 0.028124999999999997 0.043658999999999996
0 0.120703125 0.2058102207792208 0.035937 0.04365899999999998
0 0.1521484375 0.32845505194805197 0.092187 0.10602899999999994
0 0.17421875 0.1780029220779221 0.024999999999999994 0.04573800000000002
0 0.239452625 0.2681694415584416 0.051563 0.085239
0 0.2673823125 0.16423022077922078 0.026563000000000003 0.04158000000000001
0 0.30546875 0.3843207662337663 0.08749999999999997 0.13305599999999998
0 0.3751953125 0.20604516883116886 0.08906199999999997 0.139293
0 0.46328074999999996 0.09276392207792207 0.025000000000000022 0.045738
0 0.509765625 0.23775396103896104 0.082812 0.12266100000000003
0 0.5197270625 0.07535701298701299 0.018750000000000044 0.027026999999999995
0 0.5626958125 0.08523361038961041 0.010936999999999975 0.022868999999999983
0 0.5906245 0.22321712987012984 0.046875 0.06029100000000004
0 0.6373041875 0.36456757142857144 0.084376 0.14345099999999997
0 0.63359325 0.14083742857142859 0.03906299999999996 0.05821199999999998
0 0.735547375 0.09353883116883117 0.04374900000000004 0.06237
0 0.7669921875 0.07353451948051948 0.021874999999999978 0.039501
0 0.8072265625 0.08886242857142858 0.03437499999999993 0.058212
0 0.8263671875 0.20475724675324677 0.05312499999999998 0.09563400000000001
0 0.8474604375000001 0.03767311688311688 0.029687999999999937 0.035343000000000006
0 0.8669921875 0.12549335064935066 0.05468700000000015 0.10187099999999998
0 0.9318364374999999 0.08522283116883116 0.02968700000000013 0.062369999999999995
0 0.975 0.03195451948051948 0.03125 0.039501
0 0.9833984375 0.10731153246753249 0.029687999999999937 0.06652799999999998
0 0.99453125 0.18553323376623376 0.007812999999999959 0.06860699999999996
