0 0.0946484375 0.6769788333333334 0.03 0.05833400000000003
0 0.163359375 0.56838575 0.013124999999999998 0.024165999999999983
0 0.2393359375 0.57671875 0.014374999999999999 0.025832999999999995
0 0.262734375 0.5829166666666666 0.011874999999999969 0.022499999999999964
0 0.4434375 0.6060940833333334 0.01687500000000003 0.035000000000000066
0 0.4982421875 0.5977600833333333 0.021875000000000033 0.03416699999999998
0 0.584765625 0.6235940833333333 0.020625000000000004 0.034165999999999995
0 0.5957421875 0.69921875 0.022500000000000075 0.025832999999999995
0 0.642734375 0.6152600833333334 0.013125000000000053 0.03416699999999998
0 0.6799609375 0.632292 0.014375000000000027 0.03166600000000012
0 0.7025390625 0.6410940833333334 0.018125000000000058 0.03416599999999992
0 0.7524609375 0.5860940833333333 0.01375000000000004 0.035833000000000004
0 0.819921875 0.8711461666666667 0.059374999999999956 0.09999999999999994
0 0.8194921875 0.5821354166666667 0.023125000000000062 0.04499999999999993
0 0.856015625 0.5918229166666666 0.020625000000000004 0.030833000000000037
