0 0.00390625 0.59255175 0.008125 0.024166999999999977
0 0.06496093750000001 0.5816145833333334 0.015624999999999993 0.02083300000000003
0 0.1267578125 0.8388545000000001 0.042499999999999996 0.11166599999999989
0 0.159609375 0.5790104166666666 0.011874999999999997 0.01500000000000005
0 0.1886328125 0.5720836666666668 0.010000000000000009 0.022499999999999964
0 0.203359375 0.60088575 0.011874999999999997 0.02416600000000006
0 0.2573046875 0.5641145833333333 0.0068749999999999645 0.02083300000000003
0 0.27765625 0.5491145833333334 0.008124999999999993 0.020000000000000018
0 0.297578125 0.5749475833333334 0.005624999999999991 0.020000000000000018
0 0.3054296875 0.6011455 0.006250000000000033 0.016666999999999987
0 0.318359375 0.6432815833333333 0.013124999999999998 0.019165999999999943
0 0.344609375 0.5845836666666666 0.012500000000000011 0.022500000000000114
0 0.4505078125 0.5756774166666666 0.010624999999999996 0.01333300000000004
0 0.4817578125 0.6020836666666667 0.010000000000000009 0.023332999999999975
0 0.54015625 0.6011455 0.008750000000000036 0.016666999999999987
0 0.5617578125 0.55838575 0.010000000000000009 0.025832999999999995
0 0.6161328125 0.5819795 0.010000000000000009 0.01750000000000007
0 0.6737109375 0.5557815833333334 0.01375000000000004 0.02083300000000003
0 0.708359375 0.5737496666666666 0.011874999999999969 0.020834000000000092
0 0.7259375 0.5578125 0.016874999999999973 0.017499999999999998
0 0.777109375 0.5779166666666667 0.013125000000000053 0.021666999999999954
0 0.819609375 0.5520836666666668 0.01187500000000008 0.02166599999999989
0 0.9415625 0.5670836666666667 0.016875000000000084 0.022499999999999964
