0 0.013671875 0.2919112262773722 0.028249 0.057901000000000036
0 0.1103061875 0.21292747445255475 0.053267999999999996 0.09288300000000003
0 0.114171625 0.029197080291970802 0.050848000000000004 0.059107000000000014
0 0.24895762500000002 0.07566632846715328 0.05165499999999995 0.09408900000000002
0 0.2960689375 0.30948397080291973 0.046811999999999965 0.16164
0 0.45578599999999997 0.0364963503649635 0.06295400000000001 0.07358300000000001
0 0.5681425625 0.37056530656934306 0.06537500000000007 0.11580200000000003
0 0.6612986875 0.043795620437956206 0.06860300000000008 0.09047000000000001
0 0.6838170625 0.32307486861313867 0.050040000000000084 0.12424599999999995
0 0.9303620000000001 0.127597598540146 0.06376099999999985 0.10976999999999996
0 0.953041625 0.9203034087591241 0.08393799999999996 0.15440300000000007
