0 0.0654296875 0.526822 0.13125 0.25303600000000004
0 0.258125 0.6668308481012658 0.033125000000000016 0.06680200000000008
0 0.7086328125 0.4829920632911392 0.011249999999999982 0.03542500000000008
0 0.7324609375 0.4598406202531646 0.015000000000000013 0.04149799999999994
0 0.755859375 0.4589571772151898 0.012499999999999956 0.04757099999999997
0 0.7750390625 0.4667980632911393 0.01937500000000003 0.03744899999999995
0 0.788984375 0.4521853417721519 0.01187500000000008 0.03947400000000007
0 0.8061328125 0.4598406202531646 0.011249999999999982 0.04352299999999988
0 0.86796875 0.7133898481012658 0.024375000000000036 0.06781399999999993
0 0.9226953125 0.7013724050632911 0.02562500000000001 0.07489899999999998
0 0.98609375 0.7266754050632911 0.025000000000000022 0.07489899999999998
