0 0.486483625 0.5860566046511628 0.801324 0.7241380000000001
0 0.1138180625 0.3877445581395348 0.049669000000000005 0.11330100000000008
0 0.2158718125 0.6696646279069767 0.04139100000000001 0.09359600000000008
0 0.2441861875 0.5622208372093024 0.021522999999999987 0.041871999999999895
0 0.2538220625 0.6152767674418603 0.018212000000000006 0.05911300000000014
0 0.3273940625 0.6690990930232559 0.04966899999999996 0.10344799999999987
0 0.3203451875 0.5637958837209303 0.021523000000000014 0.029557000000000087
0 0.40575875 0.5591923023255814 0.024833999999999967 0.05172399999999985
0 0.4216353125 0.6019522558139535 0.026490000000000014 0.06157600000000007
0 0.4508420625 0.5661373255813953 0.018212000000000006 0.04433500000000007
0 0.480857 0.6353031860465116 0.033111999999999975 0.07881800000000001
0 0.5005110625 0.5742134186046512 0.01821199999999995 0.022167999999999806
0 0.5200423125 0.713755511627907 0.057946999999999915 0.123153
0 0.5223311875000001 0.5774428139534883 0.02317899999999995 0.049261000000000006
0 0.5822313124999999 0.6371223488372094 0.026490000000000125 0.03940800000000001
0 0.5790045 0.49628437209302323 0.016555999999999904 0.03201899999999998
0 0.640560625 0.5552758139534884 0.019866999999999968 0.046798000000000166
0 0.6900612500000001 0.5627431162790697 0.039734999999999854 0.09852299999999997
0 0.7419349375 0.35051939534883725 0.014901000000000053 0.027093999999999993
0 0.7876135 0.24751537209302327 0.016557000000000044 0.034482999999999944
0 0.8371210625 0.8233759302325581 0.11258299999999999 0.26847300000000013
0 0.8732409999999999 0.5639967441860464 0.03311200000000014 0.06403900000000008
