0 0.0947265625 0.252734375 0.06562499999999999 0.07500000000000001
0 0.15253856249999997 0.5619140625 0.065625 0.08125000000000004
0 0.3533203125 0.249609375 0.057811999999999975 0.07499999999999998
0 0.428125 0.570703625 0.06406300000000004 0.082812
0 0.47988231249999996 0.2697260625 0.05781300000000006 0.08124999999999996
0 0.570703625 0.551562 0.051562 0.06406299999999998
0 0.6095703125 0.2802739375 0.057813 0.07656199999999996
0 0.729296875 0.54140625 0.05937500000000007 0.07031300000000007
0 0.7482421875 0.2841796875 0.05312499999999998 0.06874999999999998
0 0.8703129999999999 0.555078625 0.0625 0.082812
0 0.9544921875 0.31171925 0.05312499999999998 0.071874
