0 0.044140625 0.5798440833333333 0.05249999999999999 0.09750000000000007
0 0.0428125 0.21395799999999998 0.016874999999999994 0.03333400000000001
0 0.0752734375 0.48666633333333337 0.03 0.04416699999999999
0 0.1431640625 0.3459375 0.018125000000000002 0.04833299999999996
0 0.1838671875 0.2723961666666667 0.021875000000000006 0.03749999999999998
0 0.3448828125 0.7273440833333332 0.04124999999999995 0.09833300000000007
0 0.409296875 0.4716149166666667 0.02749999999999997 0.061666
0 0.4653125 0.37156216666666664 0.016249999999999987 0.038334000000000014
0 0.5291015625 0.5096871666666667 0.03500000000000003 0.06916700000000005
0 0.5925390625 0.3260940833333334 0.01937500000000003 0.034165999999999995
0 0.5987890625 0.3953642499999999 0.01937500000000003 0.040000000000000036
0 0.622109375 0.429792 0.012500000000000067 0.03249999999999997
0 0.7206640625 0.4230725833333333 0.01937499999999992 0.05166700000000005
0 0.758671875 0.4960940833333334 0.02749999999999997 0.034999999999999996
0 0.784921875 0.6565625 0.028124999999999956 0.07916699999999999
0 0.7869921875 0.41229200000000005 0.02312499999999995 0.03249999999999997
0 0.7890625 0.4157815833333333 0.016874999999999973 0.02083300000000003
0 0.88234375 0.4377600833333333 0.024375000000000036 0.03416699999999998
0 0.928046875 0.5321354166666666 0.02749999999999997 0.046667000000000014
0 0.9768359375 0.61932325 0.04500000000000004 0.07249999999999994
