0 0.0106640625 0.032262188790560475 0.018125000000000002 0.03301899999999999
0 0.046171875 0.2353318938053097 0.028124999999999997 0.04433900000000002
0 0.056015625 0.09476589380530973 0.020625000000000004 0.04622600000000001
0 0.0721875 0.04116426253687316 0.015625 0.031132000000000003
0 0.094921875 0.15714874631268436 0.028124999999999997 0.052830999999999996
0 0.138515625 0.15797289380530974 0.02124999999999999 0.046226
0 0.155859375 0.022416115044247786 0.011874999999999997 0.036792
0 0.21953125 0.3074557876106195 0.03999999999999998 0.08962200000000002
0 0.27625 0.6774529764011799 0.06437500000000002 0.12169800000000004
0 0.3007421875 0.11551989380530975 0.023125000000000007 0.04433999999999999
0 0.3364453125 0.2290201150442478 0.026875000000000038 0.036792
0 0.3669140625 0.3691353451327434 0.04999999999999999 0.10660400000000005
0 0.3844140625 0.07176533628318583 0.01937500000000003 0.027358
0 0.4184375 0.07979074631268436 0.016249999999999987 0.05188699999999999
0 0.4786328125 0.3232540825958702 0.041874999999999996 0.07735799999999995
0 0.4946484375 0.2421220825958702 0.02937500000000004 0.077358
0 0.584765625 0.785292197640118 0.05125000000000002 0.11226400000000013
0 0.604375 0.23663345132743363 0.03312499999999996 0.06226500000000003
0 0.7051953125 0.0955890412979351 0.026874999999999982 0.040565999999999984
0 0.74625 0.2979544513274336 0.03125 0.06415100000000006
0 0.786875 0.3190680088495575 0.03312499999999996 0.08113200000000005
0 0.8283203125 0.165759598820059 0.026874999999999982 0.056603999999999995
0 0.9726171875 0.4439693864306785 0.05312499999999998 0.14716999999999997
