0 0.11828125 0.3963541666666666 0.04000000000000001 0.06999999999999999
0 0.15703125 0.5626045 0.03999999999999998 0.048333000000000105
0 0.2504296875 0.2697913333333333 0.06874999999999998 0.075
0 0.4205859375 0.3714065833333333 0.014374999999999971 0.05166599999999999
0 0.5312890625 0.3899996666666667 0.05062500000000003 0.08583400000000004
0 0.5906640625 0.3169270833333333 0.018124999999999947 0.03416700000000006
0 0.74609375 0.4923958333333333 0.055625000000000036 0.12083300000000004
0 0.84453125 0.23755208333333333 0.040000000000000036 0.06583299999999999
0 0.9243359375 0.429583 0.014375000000000027 0.063334
0 0.9809765625 0.33890658333333334 0.03500000000000003 0.05166599999999999
