0 0.0316121367781155 0.2966794375 0.060827 0.061719000000000024
0 0.22930162310030397 0.288671875 0.05596199999999994 0.05859399999999998
0 0.3248031094224924 0.2962893125 0.051094999999999995 0.057031
0 0.36281192097264436 0.4521486875 0.07785800000000007 0.06874999999999998
0 0.42759862310030394 0.40878956250000004 0.055961000000000004 0.06484299999999998
0 0.5927389209726444 0.562890625 0.07785800000000011 0.051563000000000025
0 0.5970053525835867 0.3876953125 0.0474460000000001 0.057813
0 0.6426208936170213 0.3171875 0.06447599999999991 0.04843699999999995
0 0.7238181914893618 0.3806635625 0.08515799999999996 0.06562499999999999
0 0.8603779209726444 0.3091796875 0.077859 0.06874999999999998
