0 0.08687533333333332 0.6765625 0.010833 0.016875000000000084
0 0.1907815833333333 0.681640625 0.018333000000000044 0.020625000000000004
0 0.2311455 0.6659375 0.015834000000000015 0.016875000000000084
0 0.3916149166666667 0.6653515625 0.061666 0.06499999999999995
0 0.4665625 0.670078125 0.08 0.06812499999999999
0 0.5069795 0.279609375 0.14166599999999993 0.10562500000000002
0 0.5873961666666666 0.662265625 0.038333000000000096 0.05249999999999999
0 0.7037496666666666 0.6633203125 0.02333400000000004 0.02562500000000001
0 0.8691145833333334 0.6556640625 0.020000000000000018 0.018750000000000044
0 0.8904166666666667 0.6564453125 0.0233329999999999 0.02562500000000001
0 0.9674475833333332 0.6537109375 0.018334 0.01375000000000004
