0 0.017578125 0.2383441396508728 0.03625 0.128
0 0.0612109375 0.2668129675810474 0.046250000000000006 0.1536
0 0.0915625 0.1927501246882793 0.01625 0.041600000000000005
0 0.0961328125 0.2647501246882793 0.010000000000000009 0.04159999999999997
0 0.113671875 0.2351002493765586 0.028749999999999998 0.08159999999999999
0 0.186640625 0.17594413965087283 0.020625000000000004 0.1248
0 0.2187109375 0.22041296758104742 0.046249999999999986 0.15360000000000001
0 0.2565625 0.24540648379052368 0.016875 0.07839999999999997
0 0.2664453125 0.23688778054862844 0.02562500000000001 0.09120000000000002
0 0.31546875 0.27543142144638405 0.02437499999999998 0.05919999999999999
0 0.367421875 0.2168379052369077 0.02812500000000001 0.13120000000000004
0 0.3827734375 0.3462503740648379 0.030625000000000013 0.12159999999999997
0 0.4108984375 0.2015441396508728 0.029374999999999984 0.128
0 0.434140625 0.27115012468827926 0.020625000000000004 0.04480000000000003
0 0.456015625 0.23472518703241896 0.020625000000000004 0.062399999999999976
0 0.4629296875 0.21336259351620945 0.0068749999999999645 0.03200000000000002
0 0.5100781249999999 0.23533167082294268 0.03687500000000005 0.13599999999999995
0 0.55546875 0.20545037406483793 0.024375000000000036 0.12159999999999999
0 0.5662890625 0.09496259351620948 0.018125000000000058 0.03360000000000001
0 0.5998828125 0.29382543640897757 0.04249999999999998 0.14080000000000006
0 0.6262109375 0.06225635910224439 0.01375000000000004 0.0384
0 0.6333203125 0.30639401496259355 0.02562500000000001 0.08479999999999997
0 0.6309375 0.19044389027431424 0.016249999999999987 0.04639999999999998
0 0.6518359375 0.24837506234413964 0.013749999999999929 0.022399999999999996
0 0.673125 0.3498254364089776 0.03187499999999999 0.14399999999999996
0 0.6859765625 0.19476907730673318 0.03437499999999993 0.10559999999999997
0 0.7215625 0.2646064837905237 0.016874999999999973 0.07679999999999998
0 0.7362109375 0.20555012468827927 0.014375000000000027 0.04160000000000004
0 0.7446875 0.28893765586034914 0.015625 0.05280000000000002
0 0.7707421875 0.3191940149625935 0.021874999999999978 0.08480000000000001
0 0.79078125 0.34460648379052367 0.009375000000000022 0.07520000000000002
0 0.793984375 0.2832877805486284 0.01187500000000008 0.09120000000000002
0 0.8429296875 0.2696379052369077 0.038125000000000075 0.13120000000000004
0 0.886796875 0.2511441396508728 0.028124999999999956 0.1248
0 0.9408203125 0.3383940149625935 0.02562500000000001 0.08959999999999999
0 0.9573828125 0.2528438902743142 0.011249999999999982 0.04639999999999998
0 0.9817578125 0.27350024937655865 0.011249999999999982 0.07999999999999996
0 0.9869140625 0.21086882793017453 0.018749999999999933 0.028800000000000034
