0 0.18984375 0.5904825454545455 0.05499999999999999 0.09099500000000006
0 0.2430078125 0.2355308914956012 0.04124999999999998 0.07504700000000003
0 0.3148828125 0.3758341671554253 0.04249999999999998 0.07879900000000004
0 0.323359375 0.5694348211143695 0.04375000000000001 0.09568499999999988
0 0.3629296875 0.2077435454545455 0.03750000000000003 0.09287
0 0.462109375 0.36082516715542523 0.04375000000000001 0.07692300000000005
0 0.4880078125 0.5750638211143695 0.04125000000000001 0.09568399999999999
0 0.4930078125 0.2084454428152493 0.041250000000000064 0.08067499999999997
0 0.578828125 0.3860346158357772 0.03687499999999999 0.07129500000000008
0 0.61890625 0.22011216715542523 0.040000000000000036 0.078799
0 0.6909375 0.6180972697947213 0.04875000000000007 0.08818000000000006
0 0.7123828125 0.37958616715542526 0.041874999999999996 0.07880000000000001
0 0.72265625 0.2307223401759531 0.040000000000000036 0.06754199999999998
0 0.8123828125 0.26607816715542526 0.041874999999999996 0.076923
0 0.8924609375 0.607833340175953 0.04562500000000003 0.06754200000000002
