0 0.022695312500000002 0.2280474317180617 0.025624999999999995 0.04609599999999997
0 0.09359375 0.2853392936857562 0.056249999999999994 0.11194700000000003
0 0.1931640625 0.2706550058737151 0.04999999999999999 0.08466600000000003
0 0.206953125 0.646512295154185 0.06687500000000002 0.13264300000000007
0 0.2266796875 0.21363771806167398 0.037500000000000006 0.055503000000000025
0 0.305390625 0.2685901497797357 0.05124999999999996 0.09971699999999999
0 0.4131640625 0.5739845770925109 0.04999999999999999 0.080903
0 0.437265625 0.2136145785609398 0.05249999999999999 0.10254000000000002
0 0.4839453125 0.255970718061674 0.02562500000000001 0.053621999999999996
0 0.5146875 0.5368830058737151 0.048750000000000016 0.08466599999999995
0 0.5400390625 0.25512143612334803 0.050000000000000044 0.108184
0 0.629765625 0.2446585785609398 0.05125000000000002 0.10065799999999997
0 0.6405859375 0.5698080058737152 0.04625000000000001 0.08278499999999997
0 0.6887890625 0.288001577092511 0.04999999999999993 0.080903
0 0.7443359375 0.592386005873715 0.04499999999999993 0.08278500000000014
0 0.7687109375 0.2681765785609398 0.04625000000000001 0.101599
0 0.84171875 0.5855481512481644 0.05625000000000002 0.11759200000000009
0 0.8453125 0.30527814977973566 0.04874999999999996 0.09971800000000001
