0 0.0459375 0.28053452430044185 0.01625 0.019811000000000013
0 0.0519140625 0.14680254050073638 0.018125000000000002 0.03207600000000001
0 0.0996875 0.054051802650957284 0.015625 0.040566000000000005
0 0.1094140625 0.1835955405007364 0.01812499999999999 0.03018899999999995
0 0.3400390625 0.15476378645066274 0.01937500000000003 0.02735900000000003
0 0.3366796875 0.03182404860088365 0.00687500000000002 0.036792000000000005
0 0.421328125 0.3689475537555228 0.09812500000000002 0.223584
0 0.4948046875 0.02952280265095729 0.007500000000000007 0.03868
0 0.9252734375 0.12114831075110456 0.030625000000000013 0.04622599999999999
0 0.9267578125 0.04438678645066274 0.010624999999999996 0.029245000000000004
0 0.972890625 0.6003046539027982 0.051875000000000004 0.11226400000000002
