0 0.20140625 0.22419428257686677 0.071875 0.12007499999999999
0 0.2126953125 0.4132494729136164 0.08875 0.17073200000000002
0 0.319765625 0.2614897672035139 0.05249999999999999 0.10881800000000001
0 0.328984375 0.15086586530014642 0.043125000000000024 0.08818
0 0.3921875 0.11135160761346997 0.04749999999999999 0.08442800000000002
0 0.58203125 0.08275357686676428 0.03937500000000005 0.06097600000000001
0 0.6871875 0.3014158960468521 0.048125000000000084 0.11350799999999998
0 0.7253125 0.11862909224011713 0.04874999999999996 0.07129400000000001
0 0.7341015625 0.29489305563689605 0.06562499999999993 0.13883699999999996
0 0.7750390625 0.15983499414348465 0.050000000000000044 0.09286999999999998
0 0.7987890625 0.3967763440702782 0.08124999999999993 0.16979300000000005
