0 0.14648387499999999 0.196056776119403 0.090626 0.183771
0 0.2728510625 0.4892881940298508 0.050001000000000045 0.0978519999999999
0 0.3357416875 0.47436282089552245 0.03750100000000001 0.0668259999999999
0 0.376171875 0.615492104477612 0.05937500000000001 0.12887799999999988
0 0.3796875 0.5047907462686567 0.046875 0.062053000000000094
0 0.43105418749999996 0.5405980447761193 0.05312500000000003 0.08591900000000005
0 0.462109375 0.4657112835820896 0.04375000000000001 0.0644389999999999
0 0.582812 0.6265379402985074 0.09375 0.157518
0 0.5767573125 0.45944474626865667 0.026563000000000003 0.06205300000000001
0 0.5904296875 0.49136520895522384 0.03749999999999998 0.05727899999999994
0 0.6021484375 0.463619671641791 0.029687999999999937 0.05489299999999996
0 0.6466801875 0.4857050447761195 0.05312399999999995 0.08591899999999995
0 0.6888671875 0.7029245373134327 0.08437499999999998 0.20525100000000007
0 0.6904301875 0.4707796716417911 0.02187500000000009 0.05489299999999988
0 0.72578125 0.4686963582089553 0.04062499999999991 0.06921200000000004
0 0.7525385625 0.5343388059701493 0.06562500000000004 0.10739900000000002
0 0.7548828125 0.5343315074626865 0.042188 0.08353299999999998
0 0.8076171875 0.8025790597014925 0.14843700000000004 0.24582299999999993
0 0.8679682500000001 0.4472163582089553 0.04062599999999983 0.07159899999999995
0 0.88671925 0.7061914029850747 0.040624000000000104 0.1551309999999999
0 0.8880864374999999 0.4946529701492537 0.02968700000000002 0.07875900000000008
0 0.9255859375 0.5423859701492538 0.04531299999999994 0.078759
0 0.964453125 0.7369283134328358 0.06718799999999991 0.18615799999999993
0 0.9767578125 0.4889855074626866 0.04218799999999989 0.08353299999999998
0 0.9884770624999999 0.5614789701492537 0.018750000000000044 0.078759
