0 0.0322265625 0.6796878333333334 0.065 0.27749999999999986
0 0.0888671875 0.27458333333333335 0.17875 0.355833
0 0.1175 0.6546354166666667 0.12625 0.295833
0 0.26773437499999997 0.65536425 0.16937500000000003 0.290834
0 0.280703125 0.26296841666666665 0.161875 0.295
0 0.4441015625 0.68223925 0.15875000000000006 0.25833400000000006
0 0.5013671875 0.25609375 0.14750000000000008 0.24333299999999994
0 0.6162109375 0.6125524166666667 0.13937500000000003 0.2325
0 0.70265625 0.20911424999999997 0.19625000000000004 0.351667
0 0.770625 0.6394788333333333 0.125625 0.1841670000000001
0 0.868671875 0.9158333333333334 0.15375000000000005 0.16666700000000004
0 0.9041015625 0.20359375000000002 0.19000000000000006 0.36833299999999997
0 0.9269140625 0.6579163333333332 0.14375000000000004 0.22916700000000004
0 0.9798046875 0.9071354166666667 0.038124999999999964 0.16999999999999993
