0 0.1090234375 0.40282493265007324 0.029375 0.04596599999999996
0 0.2978515625 0.31420712298682285 0.03375 0.093808
0 0.39359375 0.5111350248901902 0.05624999999999997 0.11538400000000001
0 0.464765625 0.35994460761346997 0.05249999999999999 0.08255200000000004
0 0.4913671875 0.4699732825768667 0.05375000000000002 0.12101300000000009
0 0.49578125 0.29938147877013177 0.03999999999999998 0.08067500000000002
0 0.5582421875 0.7065286998535871 0.08562500000000006 0.15384599999999993
0 0.569921875 0.3395351229868228 0.05874999999999997 0.09380900000000006
0 0.6626171875 0.32257902489019036 0.053749999999999964 0.11538499999999999
0 0.759453125 0.49339934407027813 0.09875 0.16697900000000004
0 0.8088671875 0.36456550951683747 0.053750000000000075 0.10412699999999991
0 0.98375 0.3685460248901903 0.03125 0.11538400000000001
