0 0.0513671875 0.14890658333333334 0.021875 0.05166599999999997
0 0.2253515625 0.37083299999999997 0.06562499999999999 0.12583400000000008
0 0.2412109375 0.10838574999999999 0.014374999999999999 0.025833000000000012
0 0.24390625 0.11328158333333334 0.008750000000000008 0.02
0 0.2809375 0.1153125 0.015625 0.016667000000000005
0 0.4795703125 0.12963541666666667 0.026249999999999996 0.04583299999999999
0 0.5156640625 0.37843783333333336 0.049375 0.09000000000000001
0 0.5648828125 0.14114583333333333 0.04249999999999998 0.05833299999999997
0 0.6174609375 0.33947883333333334 0.01375000000000004 0.05833400000000003
0 0.646875 0.34671908333333334 0.03312500000000007 0.06666599999999996
0 0.74203125 0.4104684166666666 0.039999999999999925 0.045834000000000076
0 0.7616015625 0.10041699999999999 0.034375000000000044 0.06250000000000001
0 0.8309765625 0.32921908333333333 0.03500000000000003 0.06583299999999996
0 0.9786328125 0.10932325 0.04125000000000001 0.07250000000000002
