0 0.1335546875 0.3826095768667643 0.03749999999999999 0.05904399999999997
0 0.191796875 0.3767530614934114 0.028124999999999983 0.04779799999999998
0 0.2613671875 0.3973720614934114 0.023125000000000007 0.048734000000000055
0 0.3226953125 0.4091451903367496 0.02562500000000001 0.05154600000000008
0 0.3832421875 0.38507180380673495 0.021874999999999978 0.04217400000000001
0 0.44046875 0.4007101903367496 0.02437499999999998 0.05060900000000008
0 0.5108203124999999 0.40809093265007323 0.025625000000000064 0.045923
0 0.598046875 0.11830869985358712 0.08999999999999997 0.153702
0 0.57171875 0.41307054612005867 0.023749999999999938 0.03655099999999993
0 0.6314453125 0.3969611903367497 0.026874999999999982 0.050609000000000036
0 0.746484375 0.3560739633967789 0.04375000000000007 0.06935400000000001
0 0.8624609375 0.36064370571010246 0.04625000000000001 0.06373000000000001
