0 0.3046875 0.39092754612005853 0.016874999999999973 0.03564800000000002
0 0.3177734375 0.4949854480234261 0.02937500000000004 0.0572229999999999
0 0.3558203125 0.4569363191800878 0.026874999999999982 0.05347099999999999
0 0.366640625 0.4220689019033675 0.020625000000000004 0.022514000000000034
0 0.4121875 0.3936282884333821 0.01687500000000003 0.03001899999999998
0 0.4505078125 0.3766290307467057 0.011249999999999982 0.02345200000000001
0 0.4837890625 0.4303976442166911 0.018125000000000002 0.015009000000000005
0 0.5081640625 0.39175228843338217 0.018124999999999947 0.03001800000000001
0 0.5612109375 0.3822570307467057 0.014375000000000027 0.025328000000000045
0 0.6393359375 0.540811251830161 0.04500000000000004 0.09943700000000004
0 0.6783203125 0.43055506149341144 0.02562500000000001 0.04690499999999991
0 0.7753125 0.5206562210834553 0.04749999999999999 0.07504600000000008
0 0.764140625 0.45355203074670575 0.020625000000000004 0.023451999999999928
0 0.7644140625 0.3869480307467057 0.018125000000000058 0.026266000000000022
0 0.8060546875 0.4816239326500732 0.03875000000000006 0.045967000000000015
