0 0.120078125 0.6930729166666666 0.068125 0.09333300000000004
0 0.1989453125 0.5964059166666668 0.05687500000000001 0.09333400000000003
0 0.35015625 0.5302604166666667 0.03999999999999998 0.07583299999999997
0 0.6120703125 0.4185940833333333 0.02562500000000001 0.034165999999999995
0 0.6640625 0.44119825 0.015625 0.04166599999999998
0 0.6746875 0.313958 0.016249999999999987 0.03249999999999997
0 0.701875 0.4722395833333333 0.03312499999999996 0.04999999999999997
0 0.6955859375 0.293125 0.01375000000000004 0.03249999999999997
0 0.7069921875 0.40682291666666665 0.021874999999999978 0.030833000000000037
0 0.7259375 0.34588575000000005 0.016874999999999973 0.025832999999999995
0 0.800390625 0.4526045 0.020625000000000004 0.04750000000000002
0 0.812265625 0.3169270833333333 0.020625000000000004 0.03416700000000006
0 0.8396875 0.3126559166666667 0.015625 0.02916699999999998
0 0.857109375 0.4707809166666666 0.04312500000000008 0.06166699999999999
0 0.89171875 0.4354684166666667 0.024375000000000036 0.04499999999999993
0 0.8965625 0.30421875 0.015625 0.025832999999999995
0 0.92109375 0.41072916666666665 0.024374999999999925 0.036667000000000005
0 0.9521875 0.3659899166666667 0.016875000000000084 0.029165999999999952
0 0.9851953125 0.42005175 0.026874999999999982 0.025834000000000062
0 0.9894140625 0.37322916666666667 0.018750000000000044 0.03750000000000001
