0 0.06640575 0.4084922093704246 0.118165 0.25622199999999995
0 0.02734375 0.04685212298682284 0.054688 0.09516799999999999
0 0.10253881249999999 0.23718873060029286 0.103516 0.17716000000000004
0 0.288086 0.19765698828696923 0.094727 0.18301699999999999
0 0.30468718749999996 0.557832859443631 0.08496100000000006 0.18008800000000003
0 0.33105450000000003 0.42313322108345536 0.046875 0.074671
0 0.337890625 0.21376302489019033 0.052734 0.11566599999999999
0 0.402344125 0.2752564480234261 0.03613199999999994 0.05856500000000001
0 0.5937498750000001 0.5973643030746706 0.371094 0.802343
0 0.8408204375 0.6134700439238653 0.1562499999999999 0.32210800000000006
