0 0.013671875 0.4614000364963503 0.02875 0.09990600000000008
0 0.017343749999999998 0.31165091240875914 0.024375 0.08216600000000002
0 0.0305859375 0.21780608029197082 0.04625 0.06069099999999998
0 0.075859375 0.33161403649635035 0.043750000000000004 0.099907
0 0.096328125 0.14813320437956204 0.035625000000000004 0.07843200000000003
0 0.124765625 0.19074374452554746 0.051250000000000004 0.10550799999999996
0 0.1620703125 0.17555166423357663 0.026874999999999982 0.04761900000000005
0 0.20203125 0.1763816204379562 0.040624999999999994 0.08776900000000006
0 0.218203125 0.11042908029197082 0.03687499999999999 0.06069099999999999
0 0.263125 0.18723049635036493 0.03125 0.07096200000000003
0 0.28375 0.1451468102189781 0.03187499999999999 0.04575200000000002
0 0.319296875 0.26194216058394165 0.058750000000000024 0.11858099999999998
0 0.3630078125 0.1577076204379562 0.04124999999999995 0.08963600000000005
0 0.43109375 0.11205966423357666 0.02437499999999998 0.047618999999999995
0 0.4559375 0.19487122627737224 0.046875 0.05788900000000002
0 0.469140625 0.3029064525547446 0.05250000000000005 0.112979
0 0.5353125 0.20451132846715328 0.04875000000000007 0.09523900000000002
0 0.5445703125 0.132890102189781 0.02562500000000001 0.03828200000000002
0 0.5720703125 0.14806651824817518 0.026875000000000093 0.05135400000000003
0 0.58359375 0.18611210218978103 0.024374999999999925 0.040149000000000004
0 0.6158203125 0.28382530656934307 0.057499999999999996 0.114846
0 0.673671875 0.16592622627737225 0.02749999999999997 0.05788900000000002
0 0.796015625 0.3480805766423357 0.05125000000000002 0.13071900000000006
