0 0.01953125 0.563900087087087 0.040958 0.17717000000000002
0 0.021484375 0.2904160870870871 0.043276999999999996 0.174792
0 0.1236969375 0.319657039039039 0.04636799999999998 0.079667
0 0.1930530625 0.2720160900900901 0.08191600000000002 0.18073799999999998
0 0.248686375 0.31102153753753753 0.04327699999999998 0.07728900000000002
0 0.3805473125 0.2990705315315315 0.026274999999999993 0.06539800000000001
0 0.43392025 0.2837250720720721 0.07109699999999997 0.14506499999999997
0 0.4714136875 0.363592033033033 0.03863999999999995 0.06896500000000004
0 0.5423849374999999 0.32998553153153154 0.015456000000000025 0.06539900000000004
0 0.5750531875 0.2837250720720721 0.05409599999999992 0.14506499999999997
0 0.68027325 0.3117675525525526 0.04095799999999994 0.10701599999999993
0 0.764226875 0.3143275705705706 0.058733000000000035 0.14387699999999995
0 0.8295423125 0.36296703003003 0.027048000000000072 0.06064200000000005
0 0.9150841875 0.2872310660660661 0.05409599999999992 0.13317499999999993
