0 0.0606640625 0.34438905882352944 0.018749999999999996 0.03578199999999992
0 0.12898437499999998 0.35527564705882353 0.013125000000000012 0.04048999999999995
0 0.17828125 0.3888251176470588 0.008124999999999993 0.020716000000000012
0 0.19015625 0.3738752941176471 0.008750000000000008 0.027306999999999998
0 0.26328125 0.3337126470588235 0.071875 0.13936
0 0.3361328125 0.30288258823529407 0.041874999999999996 0.10546199999999999
0 0.435234375 0.35527564705882353 0.013124999999999998 0.04048999999999995
0 0.5219921875 0.33008499999999996 0.023125000000000062 0.05178899999999996
0 0.5614453125 0.3733351176470588 0.026875000000000093 0.07344700000000005
0 0.68109375 0.3569785882352941 0.024374999999999925 0.05367300000000007
0 0.7180078125 0.2862715294117647 0.073125 0.17043300000000006
0 0.9814453125 0.4121744705882353 0.026874999999999982 0.08286299999999998
