0 0.115625 0.4624940028530671 0.03187499999999999 0.04474899999999994
0 0.1477734375 0.6503356034236805 0.029375000000000012 0.05205399999999997
0 0.1553125 0.4701994693295292 0.017500000000000016 0.04109599999999998
0 0.168671875 0.614092002853067 0.02812500000000001 0.044749000000000025
0 0.1945703125 0.45438806990014263 0.026874999999999982 0.05022800000000002
0 0.2390234375 0.626304203994294 0.030625000000000013 0.06027399999999991
0 0.26421875 0.4701994693295292 0.02437499999999998 0.04109599999999998
0 0.3008203125 0.6110656034236804 0.026874999999999982 0.05205499999999996
0 0.3165625 0.4779059358059914 0.016874999999999973 0.03926900000000004
0 0.322421875 0.6829252039942939 0.028124999999999956 0.061187000000000005
0 0.3296875 0.4541609358059915 0.01749999999999996 0.03926999999999995
0 0.3545703125 0.4098124022824536 0.026875000000000038 0.03561699999999998
0 0.3640625 0.453361002853067 0.016874999999999973 0.04474899999999994
0 0.391796875 0.6275036034236804 0.02812500000000001 0.052969000000000044
0 0.3926171875 0.45946760342368037 0.021874999999999978 0.05388100000000007
0 0.4233984375 0.6740796034236805 0.029374999999999984 0.0529679999999999
0 0.4420703125 0.4486819358059914 0.02562500000000001 0.03926900000000012
0 0.4545703125 0.4076990028530671 0.02562500000000001 0.04383599999999993
0 0.4782421875 0.4620935363766048 0.02312499999999995 0.04840200000000008
0 0.4908203125 0.4441159358059914 0.02562500000000001 0.03926899999999996
0 0.5137499999999999 0.6639205363766049 0.031250000000000056 0.04748799999999999
0 0.52546875 0.4640938687589159 0.024374999999999925 0.03196299999999994
0 0.54109375 0.4164315363766049 0.024374999999999925 0.046575999999999965
0 0.5796484375 0.42944367047075604 0.02937500000000004 0.059360999999999976
0 0.5864453125 0.6649466034236804 0.026874999999999982 0.05296799999999997
0 0.6063671875 0.47590560342368043 0.02187500000000009 0.05296799999999997
0 0.6069140625 0.43424326818830244 0.01937500000000003 0.02283099999999998
0 0.6495703125 0.43914946932952925 0.02562500000000001 0.04109599999999998
0 0.6846484375 0.6776195363766049 0.02937499999999993 0.046574999999999894
0 0.690390625 0.4574144693295293 0.02124999999999999 0.04109599999999998
0 0.6995703125 0.40849893580599145 0.026874999999999982 0.03927000000000003
0 0.7165234375 0.6448556034236805 0.030000000000000027 0.05205499999999996
0 0.73046875 0.4176319358059914 0.024375000000000036 0.03926900000000004
0 0.754296875 0.4588410028530671 0.028125000000000067 0.042921999999999925
0 0.7907421875 0.4070724022824536 0.02312499999999995 0.03561699999999998
0 0.8195703125 0.453361002853067 0.02562500000000001 0.042922999999999996
0 0.8776953125 0.44616906990014266 0.026874999999999982 0.049315000000000005
