0 0.0390625 0.4000000000000001 0.079687 0.25208299999999995
0 0.147266125 0.26458333333333334 0.035937 0.04374999999999999
0 0.19140625 0.4666666666666666 0.039063000000000014 0.08541700000000008
0 0.2513671875 0.4658850833333333 0.084375 0.12916700000000003
0 0.3220698125 0.45546841666666665 0.073438 0.10833400000000008
0 0.4310546875 0.4895833333333333 0.07031199999999999 0.10624999999999996
0 0.4109375 0.319792 0.017186999999999952 0.03125
0 0.459375 0.29583333333333334 0.03125 0.04166700000000001
0 0.475 0.4317708333333334 0.0625 0.08958299999999997
0 0.5349604375 0.4703121666666667 0.06093800000000005 0.09999999999999994
0 0.5326176875 0.27838541666666666 0.03749899999999995 0.04583300000000001
0 0.6025385625 0.39869825000000003 0.06562599999999996 0.10416599999999998
0 0.8644536249999999 0.3434895833333333 0.08281200000000011 0.11458299999999999
