0 0.0729296875 0.7223440833333333 0.06875 0.09833299999999993
0 0.1153125 0.85411425 0.07875 0.10333399999999997
0 0.2525 0.5491666666666667 0.06437500000000002 0.08416700000000003
0 0.3476953125 0.9421874999999998 0.08812499999999995 0.11083300000000011
0 0.3708203125 0.5420833333333334 0.05812499999999998 0.10666700000000007
0 0.3829296875 0.6738545 0.07 0.11000000000000003
0 0.5109375 0.7288538333333333 0.07875000000000004 0.15333400000000008
0 0.5148046875000001 0.5660413333333333 0.07 0.135834
0 0.6239453125 0.5084371666666666 0.05687500000000001 0.13250000000000006
0 0.71609375 0.7541142500000001 0.08687500000000004 0.10166699999999995
0 0.7487109375 0.8708333333333332 0.10875000000000001 0.16749999999999998
0 0.726015625 0.25567708333333333 0.05249999999999999 0.09833299999999996
0 0.854375 0.6487496666666667 0.09437499999999999 0.14833399999999997
