0 0.01953125 0.5969128960468522 0.040625 0.11163200000000004
0 0.0465234375 0.5014381903367496 0.029375 0.05159500000000004
0 0.081953125 0.7815056017569546 0.0675 0.17542200000000013
0 0.07566406249999999 0.5643333499267936 0.05000000000000001 0.07880000000000001
0 0.15187499999999998 0.8286121786237188 0.12687500000000002 0.23264500000000005
0 0.11953125 0.5497362210834553 0.03937499999999999 0.07410900000000008
0 0.16390625 0.4863580922401171 0.04000000000000001 0.07129500000000007
0 0.222734375 0.530632448023426 0.044375 0.05816200000000001
0 0.2493359375 0.4568220614934115 0.04562500000000003 0.04690399999999994
0 0.32171875 0.5260998653001464 0.05499999999999999 0.09005699999999994
0 0.3661328125 0.5340167364568081 0.04249999999999998 0.08630399999999998
0 0.3859375 0.7363633440702783 0.078125 0.16979400000000003
0 0.39078125 0.43746383455344073 0.03999999999999998 0.06660399999999995
0 0.4814453125 0.5252060248901903 0.05812499999999998 0.11538499999999999
0 0.5687109375 0.7923766691068814 0.10875000000000001 0.13133200000000014
0 0.5524609375 0.5126692518301611 0.04625000000000001 0.09849900000000006
0 0.6234765625 0.5636939633967788 0.03374999999999995 0.0675420000000001
0 0.69859375 0.5124848960468521 0.05625000000000002 0.11350800000000015
0 0.7120703125 0.7302793133235725 0.05687500000000001 0.14634099999999997
0 0.784609375 0.5492542518301611 0.043749999999999956 0.09849900000000006
0 0.8065625 0.7332776691068814 0.078125 0.13039399999999998
0 0.9175390625 0.5233741844802342 0.08187500000000003 0.14258900000000008
0 0.9869921875 0.6950000248901904 0.023125000000000062 0.11538400000000001
