0 0.0419921875 0.9069788333333334 0.085625 0.18333400000000002
0 0.016835937500000002 0.47505175 0.015000000000000001 0.025833999999999985
0 0.0200390625 0.6284899166666666 0.019375 0.030833000000000037
0 0.0544140625 0.589792 0.019375000000000003 0.03333300000000013
0 0.0536328125 0.47614550000000005 0.011249999999999996 0.017499999999999998
0 0.07105468749999999 0.678125 0.03875 0.03250000000000005
0 0.0693359375 0.4746878333333333 0.014374999999999999 0.027500000000000007
0 0.08578125 0.48171875 0.008124999999999993 0.02416700000000005
0 0.1141015625 0.7281253333333334 0.06625 0.07416599999999995
0 0.103125 0.6310940833333333 0.031875 0.034166000000000064
0 0.1281640625 0.6130208333333332 0.019375000000000017 0.02833300000000009
0 0.133359375 0.47505175 0.012500000000000011 0.025833999999999985
0 0.1619140625 0.6621354166666666 0.049375 0.04666700000000009
0 0.1515625 0.55421875 0.016875 0.02416700000000005
0 0.17921875 0.7853649166666666 0.05562499999999998 0.12416599999999993
0 0.1780859375 0.47171875 0.014374999999999999 0.025832999999999995
0 0.1890625 0.5434899166666667 0.015625 0.030833000000000037
0 0.195390625 0.6088024166666667 0.020624999999999977 0.04666600000000002
0 0.2176953125 0.67369825 0.02562500000000001 0.04166600000000006
0 0.250859375 0.6819270833333334 0.04375000000000001 0.03583299999999993
0 0.241484375 0.50755175 0.011874999999999997 0.025834000000000062
0 0.2770703125 0.850625 0.05687499999999998 0.15833300000000014
0 0.2748046875 0.5391149166666667 0.03875000000000001 0.05999999999999998
0 0.3291015625 0.9061458333333333 0.09687499999999999 0.1841670000000001
0 0.3023046875 0.66598925 0.03749999999999998 0.07083400000000006
0 0.4253125 0.9011982499999999 0.14187500000000003 0.16583300000000012
0 0.441796875 0.6085940833333333 0.028749999999999998 0.03416599999999992
0 0.4771875 0.6104166666666666 0.015625 0.022500000000000114
0 0.497421875 0.7327086666666668 0.028124999999999956 0.053333
0 0.52359375 0.6169270833333332 0.02375000000000005 0.03583300000000008
0 0.5406640625 0.7033336666666666 0.050000000000000044 0.0841659999999999
0 0.564375 0.7690628333333334 0.06437500000000007 0.1208329999999999
0 0.6215625 0.8736975833333332 0.11062499999999997 0.20666700000000007
0 0.7049609375 0.6750520833333332 0.07750000000000001 0.06583300000000003
0 0.7312890625 0.5979166666666668 0.01937499999999992 0.022499999999999964
0 0.7396875 0.5808333333333334 0.015625 0.0416669999999999
0 0.7633984375 0.609792 0.030625000000000013 0.03333299999999998
0 0.7801171875 0.6945833333333332 0.02312499999999995 0.10500000000000013
0 0.7990625 0.7367708333333334 0.016874999999999973 0.09000000000000001
0 0.8087890625 0.72078125 0.018124999999999947 0.10333299999999997
0 0.84578125 0.6959371666666666 0.07124999999999992 0.13083399999999998
0 0.9115625 0.6921354166666668 0.016874999999999973 0.04666699999999994
0 0.9576953125 0.7215625 0.05812500000000009 0.07916699999999999
0 0.9918359375 0.63869825 0.014375000000000027 0.04166599999999998
