0 0.226740625 0.2009657209985316 0.051742999999999956 0.09644699999999998
0 0.35316993750000003 0.26018772099853155 0.04499399999999998 0.09475500000000003
0 0.42898024999999995 0.17896972099853156 0.040495 0.09644600000000002
0 0.46790493749999995 0.5171551497797356 0.04499500000000006 0.09813899999999996
0 0.5639632499999999 0.17242529221732744 0.04049500000000017 0.09136999999999998
0 0.6043098125 0.5023742922173274 0.04161999999999999 0.093062
0 0.69332225 0.1758092922173275 0.04049499999999995 0.09306199999999996
0 0.7637429375 0.5512197209985317 0.04612000000000005 0.09475499999999987
0 0.7754372500000001 0.17389372099853156 0.039369999999999905 0.09475399999999999
0 0.86542525 0.19148443465491924 0.039369999999999905 0.08629499999999997
