0 0.07906250000000001 0.5455729166666666 0.047499999999999994 0.09166700000000001
0 0.0875390625 0.5050003333333334 0.019375000000000003 0.04333299999999999
0 0.13968750000000002 0.6680729166666667 0.0475 0.09249999999999996
0 0.275 0.5572395833333333 0.03249999999999997 0.05166700000000005
0 0.302890625 0.6771875 0.02062499999999995 0.11166699999999989
0 0.31609375 0.5379684166666666 0.024999999999999967 0.045834000000000076
0 0.3265625 0.5013024166666668 0.01687500000000003 0.045000000000000005
0 0.4184375 0.5050517499999999 0.015625 0.025834000000000135
0 0.445859375 0.5669274166666667 0.013124999999999998 0.07583299999999997
0 0.536484375 0.5052600833333334 0.013124999999999942 0.03416699999999991
0 0.5940625 0.5069270833333334 0.016874999999999973 0.035833000000000004
0 0.64546875 0.6245833333333334 0.02499999999999991 0.10666699999999991
0 0.7862890625 0.6134375 0.018125000000000058 0.04749999999999995
