0 0.1533203125 0.525862394160584 0.02562500000000001 0.034546999999999994
0 0.2816796875 0.590592496350365 0.03749999999999998 0.07282899999999996
0 0.353125 0.5746007883211679 0.03187499999999999 0.065359
0 0.3684765625 0.4609772262773722 0.03437499999999999 0.05789000000000009
0 0.4152734375 0.4449855182481752 0.030625000000000013 0.05135400000000005
0 0.4391796875 0.738117496350365 0.03749999999999998 0.070962
0 0.4854296875 0.4901596423357665 0.03875000000000001 0.06909399999999999
0 0.4859765625 0.5912890802919708 0.03375000000000006 0.06068999999999993
0 0.5628515625 0.5746007883211679 0.03500000000000003 0.065359
0 0.6429296875 0.528033496350365 0.03874999999999995 0.070962
0 0.698125 0.6302156423357664 0.03187499999999999 0.06815999999999997
0 0.7466015625 0.6778346423357664 0.034375000000000044 0.06722700000000002
0 0.874296875 0.5962465182481751 0.028125000000000067 0.051353
