0 0.01234375 0.43190593265007315 0.024391 0.045966000000000125
0 0.0265745 0.5159210614934114 0.015633999999999995 0.04784300000000005
0 0.1258041875 0.3903053806734993 0.053784 0.10037600000000002
0 0.2737908125 0.49708996339677886 0.04252700000000004 0.06941800000000005
0 0.2885694375 0.3823712884333821 0.030644000000000005 0.030957
0 0.32952793750000003 0.46013625183016105 0.04502799999999996 0.09849899999999998
0 0.4992493125 0.4165022825768667 0.02689199999999997 0.12288900000000001
0 0.5371579375000001 0.44531060761347 0.04502799999999996 0.082552
0 0.6681053125 0.3925942518301611 0.026890999999999998 0.09849899999999998
0 0.7313795 0.44572247877013177 0.04753000000000007 0.08067600000000004
0 0.8163894375 0.36730941142020496 0.06066300000000002 0.12570399999999995
0 0.9529658125 0.2500753499267936 0.041900999999999966 0.07692299999999996
