0 0.0708984375 0.477171803806735 0.031249999999999993 0.04215500000000005
0 0.1111333125 0.7374275095168374 0.057812 0.10304400000000008
0 0.139063 0.4707330614934114 0.032811999999999994 0.049180000000000015
0 0.201953625 0.09192428843338214 0.020311999999999997 0.030444999999999986
0 0.2677734375 0.079045803806735 0.029688000000000048 0.04215499999999999
0 0.271875 0.5486023191800877 0.03125 0.053864000000000065
0 0.3124995 0.7599686383601757 0.04843800000000004 0.10772799999999996
0 0.34238331250000004 0.4361903191800878 0.026561999999999975 0.053864000000000065
0 0.395312 0.44028806149341143 0.03125 0.049180000000000015
0 0.4951171875 0.6768291229868229 0.05312499999999998 0.09601799999999998
0 0.48496143750000004 0.4490688038067349 0.029686999999999963 0.04215500000000013
0 0.507422375 0.5720213191800878 0.04375000000000001 0.053864999999999955
0 0.5302734375 0.11827557686676428 0.029688000000000048 0.06089000000000001
0 0.5548833125 0.4452636749633968 0.026561999999999975 0.03981200000000001
0 0.6306635625 0.47776209224011706 0.03437599999999996 0.07259900000000012
0 0.6408203125 0.06118867496339678 0.026563000000000003 0.039812
0 0.7458984375 0.5278169326500732 0.029688000000000048 0.04449599999999997
0 0.771875 0.7950976383601759 0.0625 0.10772799999999988
0 0.8031255 0.48010006149341145 0.015625 0.04918100000000007
0 0.8294921875 0.21019380380673497 0.021874999999999978 0.04215400000000003
0 0.8697260625000001 0.30855380380673497 0.018750000000000044 0.04215500000000005
0 0.90234375 0.47161093265007314 0.025000000000000022 0.04683800000000004
0 0.9333979375000001 0.8223157057101025 0.04531299999999994 0.063232
