1 0.0825 0.313333 0.05 0.102222
1 0.165 0.373333 0.045 0.088889
1 0.35 0.348889 0.055 0.111111
1 0.40375 0.324444 0.0425 0.08
1 0.45125 0.56 0.0525 0.097778
1 0.525 0.311111 0.03 0.08
1 0.56 0.322222 0.045 0.093333
1 0.61125 0.355556 0.0425 0.08
1 0.64875 0.391111 0.0425 0.088889
1 0.71125 0.413333 0.0575 0.106667
1 0.765 0.3 0.035 0.075556
0 0.80625 0.3 0.0375 0.066667
1 0.88125 0.28 0.0425 0.088889
1 0.9375 0.302222 0.05 0.097778
1 0.2975 0.277778 0.035 0.075556
1 0.475 0.322222 0.035 0.066667
1 0.36625 0.277778 0.0375 0.066667
1 0.8375 0.297778 0.025 0.053333
