1 0.0525 0.128889 0.07 0.133333
1 0.17125 0.148889 0.0825 0.137778
1 0.18875 0.413333 0.0875 0.151111
1 0.10375 0.753333 0.0775 0.137778
1 0.315 0.46 0.085 0.164444
1 0.29625 0.811111 0.0775 0.12
1 0.51625 0.613333 0.0875 0.177778
1 0.53 0.9 0.08 0.164444
1 0.59875 0.566667 0.0775 0.146667
1 0.73375 0.775556 0.0775 0.164444
1 0.845 0.317778 0.08 0.155556
1 0.96875 0.18 0.0575 0.12
1 0.965 0.422222 0.065 0.151111
1 0.83625 0.622222 0.0775 0.16
1 0.94375 0.708889 0.0925 0.164444
1 0.81375 0.92 0.0875 0.151111
