1 0.04 0.877551 0.065 0.114286
1 0.125 0.781633 0.065 0.110204
0 0.09375 0.47551 0.0425 0.069388
1 0.0825 0.35102 0.04 0.089796
1 0.025 0.318367 0.035 0.073469
0 0.08 0.044898 0.05 0.081633
1 0.29625 0.073469 0.0525 0.081633
1 0.2575 0.267347 0.055 0.069388
1 0.2625 0.493878 0.045 0.089796
1 0.3725 0.922449 0.07 0.106122
1 0.51625 0.742857 0.0625 0.081633
1 0.56375 0.822449 0.0725 0.102041
1 0.49625 0.426531 0.0575 0.093878
1 0.48125 0.27551 0.0625 0.085714
1 0.48875 0.146939 0.0575 0.073469
1 0.63875 0.489796 0.0475 0.081633
1 0.65875 0.269388 0.0525 0.089796
1 0.74375 0.267347 0.0575 0.093878
1 0.93 0.640816 0.07 0.073469
1 0.89 0.342857 0.06 0.081633
1 0.82 0.2 0.045 0.073469
1 0.8175 0.087755 0.045 0.061224
