0 0.05875 0.481273 0.0925 0.138577
0 0.08625 0.11985 0.0675 0.097378
1 0.145 0.088015 0.055 0.093633
1 0.30875 0.043071 0.0575 0.086142
0 0.2275 0.114232 0.07 0.108614
0 0.2625 0.280899 0.045 0.074906
0 0.215 0.475655 0.085 0.127341
0 0.15625 0.638577 0.1075 0.108614
1 0.21 0.874532 0.13 0.220974
0 0.3575 0.657303 0.14 0.161049
0 0.32375 0.376404 0.0925 0.123596
0 0.34375 0.134831 0.0725 0.074906
0 0.4375 0.149813 0.065 0.089888
1 0.49875 0.11236 0.0725 0.097378
1 0.4875 0.348315 0.09 0.127341
0 0.56875 0.2603 0.0625 0.101124
0 0.62875 0.110487 0.0775 0.116105
0 0.73375 0.106742 0.0675 0.078652
0 0.74375 0.265918 0.0625 0.089888
1 0.68 0.425094 0.1 0.153558
0 0.63375 0.662921 0.0925 0.127341
1 0.7525 0.794007 0.1 0.142322
1 0.8275 0.496255 0.09 0.138577
0 0.865 0.144195 0.06 0.093633
0 0.975 0.086142 0.05 0.074906
1 0.92375 0.314607 0.0725 0.097378
