1 0.11875 0.610487 0.0725 0.082397
1 0.245 0.559925 0.06 0.078652
1 0.31125 0.531835 0.0475 0.074906
1 0.38 0.822097 0.075 0.101124
1 0.4725 0.470037 0.065 0.086142
1 0.7675 0.460674 0.08 0.104869
1 0.9325 0.531835 0.04 0.074906
1 0.52875 0.389513 0.0375 0.074906
1 0.6225 0.353933 0.025 0.06367
1 0.56 0.2603 0.035 0.05618
1 0.46125 0.228464 0.0275 0.044944
1 0.16 0.441948 0.035 0.067416
1 0.1475 0.361423 0.025 0.041199
1 0.35375 0.417603 0.0425 0.05618
1 0.31125 0.258427 0.0225 0.044944
1 0.15 0.250936 0.025 0.044944
1 0.2075 0.318352 0.025 0.037453
1 0.09375 0.340824 0.0225 0.037453
1 0.075 0.280899 0.02 0.029963
1 0.2225 0.213483 0.02 0.029963
