1 0.0825 0.23221 0.045 0.067416
1 0.18625 0.114232 0.0325 0.048689
1 0.25375 0.280899 0.0425 0.059925
1 0.36875 0.086142 0.0325 0.044944
1 0.4125 0.144195 0.04 0.06367
1 0.51625 0.353933 0.0525 0.086142
1 0.45375 0.080524 0.0375 0.05618
1 0.5175 0.089888 0.035 0.052434
1 0.6175 0.264045 0.045 0.071161
1 0.605 0.205993 0.035 0.052434
0 0.42 0.074906 0.025 0.029963
0 0.59125 0.099251 0.0225 0.041199
1 0.5975 0.039326 0.025 0.033708
1 0.66375 0.132959 0.0325 0.041199
0 0.6275 0.022472 0.025 0.037453
1 0.7475 0.054307 0.03 0.048689
1 0.76625 0.058052 0.0125 0.033708
0 0.725 0.050562 0.02 0.033708
0 0.88 0.05618 0.03 0.037453
1 0.9525 0.097378 0.03 0.044944
