0 0.13 0.906122 0.045 0.065306
0 0.0275 0.673469 0.04 0.065306
0 0.14875 0.681633 0.0375 0.065306
0 0.0425 0.571429 0.035 0.057143
0 0.16375 0.530612 0.0425 0.065306
0 0.05625 0.434694 0.0375 0.061224
0 0.1625 0.436735 0.035 0.040816
0 0.20125 0.383673 0.0325 0.04898
0 0.06375 0.287755 0.0325 0.053061
0 0.09625 0.238776 0.0275 0.036735
0 0.21 0.257143 0.035 0.057143
0 0.1175 0.114286 0.03 0.04898
0 0.2075 0.130612 0.035 0.057143
0 0.22625 0.063265 0.0325 0.044898
0 0.39375 0.122449 0.0175 0.040816
1 0.47 0.108163 0.02 0.044898
1 0.51625 0.093878 0.0225 0.040816
0 0.4525 0.140816 0.03 0.044898
0 0.45625 0.197959 0.0275 0.044898
1 0.43625 0.297959 0.0275 0.040816
0 0.4725 0.34898 0.02 0.044898
0 0.45125 0.4 0.0225 0.04898
0 0.455 0.487755 0.03 0.053061
0 0.43125 0.579592 0.0375 0.057143
0 0.46625 0.655102 0.0325 0.044898
0 0.475 0.836735 0.035 0.040816
0 0.49125 0.928571 0.0425 0.069388
0 0.46 0.912245 0.015 0.044898
1 0.52125 0.440816 0.0325 0.04898
0 0.5525 0.483673 0.035 0.061224
0 0.56 0.389796 0.035 0.053061
0 0.5325 0.383673 0.025 0.04898
0 0.52375 0.206122 0.0175 0.036735
0 0.545 0.228571 0.03 0.04898
0 0.58 0.108163 0.025 0.044898
0 0.5875 0.24898 0.03 0.04898
0 0.635 0.238776 0.025 0.036735
0 0.63625 0.346939 0.0325 0.04898
0 0.615 0.522449 0.03 0.040816
0 0.56125 0.669388 0.0275 0.057143
0 0.5975 0.718367 0.035 0.057143
0 0.64125 0.714286 0.0325 0.057143
0 0.6475 0.546939 0.035 0.057143
0 0.6375 0.938776 0.03 0.057143
0 0.61625 0.15102 0.0275 0.040816
0 0.65625 0.122449 0.0175 0.040816
0 0.64625 0.069388 0.0225 0.032653
0 0.71375 0.095918 0.0225 0.036735
0 0.6875 0.128571 0.025 0.028571
0 0.7175 0.173469 0.03 0.036735
0 0.705 0.273469 0.035 0.040816
0 0.72875 0.25102 0.0125 0.044898
0 0.69875 0.371429 0.0325 0.040816
0 0.72875 0.418367 0.0325 0.053061
0 0.75375 0.426531 0.0175 0.044898
0 0.74125 0.528571 0.0325 0.053061
0 0.73375 0.667347 0.0375 0.044898
0 0.7675 0.802041 0.035 0.053061
0 0.78375 0.873469 0.0225 0.032653
0 0.8 0.965306 0.035 0.053061
0 0.75875 0.1 0.0175 0.028571
