1 0.1075 0.584951 0.08 0.179612
1 0.0675 0.26699 0.065 0.145631
1 0.13625 0.118932 0.0575 0.150485
1 0.225 0.512136 0.065 0.169903
1 0.165 0.407767 0.055 0.135922
1 0.3325 0.59466 0.06 0.199029
1 0.2725 0.934466 0.095 0.121359
1 0.4275 0.898058 0.11 0.194175
1 0.42 0.359223 0.07 0.174757
1 0.34125 0.242718 0.0625 0.145631
1 0.545 0.378641 0.06 0.145631
1 0.57875 0.783981 0.0825 0.160194
1 0.62875 0.584951 0.0625 0.179612
1 0.605 0.325243 0.065 0.165049
1 0.6625 0.126214 0.055 0.135922
0 0.53625 0.092233 0.0475 0.097087
1 0.76625 0.417476 0.0575 0.145631
1 0.8075 0.679612 0.09 0.203883
1 0.85875 0.650485 0.0575 0.15534
1 0.965 0.456311 0.07 0.184466
1 0.92625 0.201456 0.0625 0.150485
1 0.94375 0.055825 0.0525 0.092233
1 0.84875 0.36165 0.0675 0.140777
1 0.97375 0.88835 0.0475 0.213592
