1 0.08875 0.826667 0.0625 0.086667
1 0.21875 0.826667 0.0575 0.086667
1 0.33 0.855 0.055 0.083333
1 0.50375 0.9 0.0675 0.086667
1 0.79375 0.766667 0.0625 0.073333
1 0.9525 0.835 0.055 0.05
1 0.66375 0.658333 0.0575 0.076667
1 0.84875 0.506667 0.0475 0.06
1 0.97875 0.568333 0.0325 0.063333
1 0.71875 0.503333 0.0375 0.053333
1 0.5425 0.678333 0.055 0.07
1 0.4075 0.645 0.055 0.07
1 0.225 0.588333 0.03 0.076667
1 0.1875 0.573333 0.055 0.08
1 0.12 0.57 0.05 0.073333
1 0.0125 0.543333 0.025 0.073333
1 0.02 0.391667 0.04 0.043333
1 0.13 0.39 0.045 0.06
1 0.2625 0.428333 0.04 0.056667
1 0.3425 0.42 0.045 0.06
1 0.46875 0.48 0.0525 0.06
1 0.57 0.493333 0.05 0.06
1 0.96375 0.353333 0.0425 0.06
1 0.81375 0.316667 0.0275 0.06
1 0.7225 0.305 0.04 0.063333
1 0.65 0.303333 0.045 0.046667
1 0.5375 0.25 0.04 0.06
1 0.4825 0.256667 0.035 0.06
1 0.3725 0.213333 0.035 0.06
1 0.29125 0.23 0.0325 0.053333
1 0.17875 0.203333 0.0325 0.053333
1 0.085 0.201667 0.04 0.063333
1 0.01875 0.191667 0.0375 0.056667
1 0.0175 0.096667 0.03 0.046667
1 0.11625 0.103333 0.0225 0.046667
1 0.20625 0.14 0.0325 0.053333
1 0.3325 0.145 0.03 0.056667
1 0.48375 0.118333 0.0275 0.056667
1 0.5725 0.15 0.035 0.06
1 0.695 0.18 0.035 0.06
1 0.7875 0.158333 0.04 0.063333
1 0.9 0.191667 0.035 0.056667
1 0.985 0.21 0.025 0.06
1 0.815 0.06 0.03 0.046667
1 0.74 0.068333 0.035 0.05
1 0.64125 0.061667 0.0325 0.056667
1 0.5975 0.02 0.025 0.04
1 0.51375 0.056667 0.0325 0.046667
1 0.44625 0.06 0.0325 0.04
1 0.37875 0.046667 0.0325 0.046667
1 0.29125 0.03 0.0375 0.046667
1 0.175 0.051667 0.025 0.036667
1 0.11 0.023333 0.025 0.046667
