1 0.6675 0.655822 0.12 0.188356
1 0.80125 0.556507 0.1325 0.195205
1 0.94 0.452055 0.06 0.10274
1 0.82625 0.255137 0.0675 0.085616
1 0.92875 0.219178 0.0325 0.068493
1 0.685 0.361301 0.08 0.113014
1 0.63 0.195205 0.045 0.075342
1 0.56125 0.44863 0.0725 0.109589
1 0.36625 0.453767 0.0725 0.119863
1 0.5075 0.361301 0.06 0.078767
1 0.25 0.417808 0.06 0.075342
1 0.11625 0.523973 0.0725 0.116438
1 0.05 0.378425 0.055 0.078767
1 0.23875 0.22089 0.0575 0.071918
1 0.35625 0.167808 0.0525 0.075342
1 0.4775 0.215753 0.03 0.054795
1 0.53125 0.253425 0.0325 0.061644
1 0.14125 0.171233 0.0575 0.075342
