1 0.5425 0.582397 0.1 0.153558
1 0.03 0.44382 0.02 0.033708
1 0.12625 0.477528 0.0075 0.033708
1 0.2375 0.468165 0.015 0.029963
1 0.27 0.456929 0.02 0.029963
1 0.375 0.475655 0.015 0.037453
0 0.34625 0.445693 0.0225 0.037453
1 0.43125 0.449438 0.0175 0.037453
1 0.4925 0.455056 0.02 0.041199
1 0.6525 0.464419 0.015 0.037453
1 0.695 0.449438 0.01 0.029963
1 0.73625 0.475655 0.0125 0.029963
1 0.87125 0.333333 0.0175 0.022472
1 0.9375 0.455056 0.01 0.026217
0 0.88625 0.451311 0.0175 0.033708
1 0.88875 0.395131 0.0175 0.026217
